14:40:38.772,0.000054,0.000036,-3.973321,2.967606,-0.134293,-0.077523,0.028044,0.024226,-1.005715,-8.415874,-0.068834,-0.211816
14:40:39.049,0.000054,0.000036,-3.971871,2.965822,-0.134059,-0.079575,0.027749,0.024716,-1.006050,-8.411952,-0.066062,-0.213635
14:40:39.248,0.000054,0.000036,-3.969899,2.965783,-0.135370,-0.079163,0.028307,0.024369,-1.004116,-8.409514,-0.068151,-0.214533
14:40:39.498,0.000054,0.000036,-3.971243,2.967137,-0.136856,-0.078198,0.028385,0.023351,-1.004106,-8.412786,-0.071122,-0.215054
14:40:39.748,0.000054,0.000036,-3.969811,2.965668,-0.136234,-0.075070,0.028158,0.022892,-1.004144,-8.409269,-0.074161,-0.211305
14:40:40.019,0.000054,0.000036,-3.969989,2.965081,-0.135081,-0.077445,0.027930,0.024543,-1.004909,-8.408772,-0.069883,-0.212526
14:40:40.297,0.000054,0.000035,-3.973471,2.969120,-0.134722,-0.078400,0.027760,0.025202,-1.004351,-8.417891,-0.068290,-0.213122
14:40:40.498,0.000054,0.000035,-3.973693,2.968044,-0.134247,-0.079632,0.027613,0.025281,-1.005649,-8.416857,-0.066221,-0.213879
14:40:40.748,0.000054,0.000034,-3.969201,2.964348,-0.134590,-0.080353,0.028284,0.025421,-1.004853,-8.406929,-0.065762,-0.214943
14:40:40.998,0.000054,0.000034,-3.970013,2.964589,-0.136139,-0.079445,0.028215,0.024213,-1.005425,-8.408205,-0.068741,-0.215583
14:40:41.277,0.000054,0.000034,-3.971979,2.966378,-0.136354,-0.079116,0.028158,0.023128,-1.005601,-8.412758,-0.069401,-0.215469
14:40:41.498,0.000054,0.000034,-3.970547,2.966703,-0.134687,-0.079106,0.028015,0.024755,-1.003844,-8.411416,-0.067392,-0.213794
14:40:41.748,0.000054,0.000034,-3.971397,2.967962,-0.134362,-0.077937,0.028007,0.025217,-1.003436,-8.413973,-0.068415,-0.212299
14:40:41.998,0.000054,0.000034,-3.972338,2.967287,-0.135113,-0.076664,0.028184,0.024499,-1.005051,-8.414295,-0.070870,-0.211778
14:40:42.271,0.000054,0.000034,-3.971283,2.966750,-0.136231,-0.077914,0.028389,0.023427,-1.004532,-8.412365,-0.070709,-0.214145
14:40:42.498,0.000054,0.000035,-3.969115,2.964902,-0.136035,-0.077430,0.028750,0.023877,-1.004213,-8.407496,-0.071059,-0.213464
14:40:42.748,0.000054,0.000035,-3.970213,2.964714,-0.135201,-0.077362,0.028311,0.024245,-1.005498,-8.408599,-0.070129,-0.212563
14:40:42.998,0.000054,0.000036,-3.970778,2.967094,-0.134640,-0.076080,0.028208,0.023923,-1.003684,-8.412170,-0.071004,-0.210721
14:40:43.273,0.000054,0.000036,-3.972132,2.967711,-0.134508,-0.074815,0.027830,0.024082,-1.004421,-8.414559,-0.072377,-0.209323
14:40:43.550,0.000054,0.000036,-3.973866,2.967972,-0.135539,-0.077280,0.027809,0.023396,-1.005894,-8.416979,-0.070639,-0.212818
14:40:43.747,0.000054,0.000036,-3.972637,2.966946,-0.136296,-0.078525,0.027735,0.023586,-1.005692,-8.414245,-0.070047,-0.214821
14:40:43.997,0.000054,0.000036,-3.969995,2.967177,-0.136269,-0.076414,0.028322,0.023409,-1.002818,-8.411322,-0.072575,-0.212683
14:40:44.253,0.000054,0.000036,-3.970895,2.966305,-0.135038,-0.077583,0.028270,0.024398,-1.004589,-8.411355,-0.069663,-0.212621
14:40:44.532,0.000054,0.000036,-3.969946,2.966406,-0.134151,-0.074818,0.028436,0.024154,-1.003540,-8.410327,-0.071941,-0.208969
14:40:44.747,0.000054,0.000035,-3.968789,2.965784,-0.134328,-0.075360,0.027804,0.024281,-1.003005,-8.408170,-0.071498,-0.209688
14:40:44.997,0.000054,0.000034,-3.972974,2.967776,-0.135988,-0.076463,0.028083,0.023808,-1.005198,-8.415659,-0.072174,-0.212452
14:40:45.261,0.000054,0.000034,-3.972744,2.967074,-0.136216,-0.077072,0.028217,0.024015,-1.005670,-8.414530,-0.071712,-0.213288
14:40:45.540,0.000054,0.000034,-3.971458,2.966428,-0.135300,-0.076308,0.028197,0.024045,-1.005030,-8.412187,-0.071528,-0.211608
14:40:45.747,0.000054,0.000035,-3.969754,2.966367,-0.134836,-0.077821,0.028320,0.024962,-1.003387,-8.410046,-0.069130,-0.212657
14:40:45.997,0.000054,0.000036,-3.970845,2.967062,-0.135368,-0.078116,0.028213,0.024460,-1.003783,-8.412212,-0.069418,-0.213483
14:40:46.247,0.000054,0.000036,-3.969792,2.965585,-0.134978,-0.079309,0.028038,0.025211,-1.004208,-8.409145,-0.067499,-0.214287
14:40:46.520,0.000054,0.000035,-3.972040,2.966420,-0.135433,-0.077274,0.027720,0.023611,-1.005620,-8.412882,-0.070518,-0.212707
14:40:46.800,0.000054,0.000034,-3.972259,2.967684,-0.135000,-0.075615,0.027701,0.023877,-1.004575,-8.414680,-0.072005,-0.210615
14:40:46.997,0.000054,0.000034,-3.972201,2.966323,-0.134471,-0.078044,0.027480,0.024501,-1.005878,-8.412961,-0.068417,-0.212515
14:40:47.247,0.000054,0.000034,-3.970864,2.965826,-0.134555,-0.077626,0.027806,0.024572,-1.005038,-8.410736,-0.069026,-0.212181
14:40:47.497,0.000054,0.000034,-3.971028,2.966870,-0.134675,-0.079204,0.027909,0.025790,-1.004158,-8.412201,-0.067259,-0.213879
14:40:47.773,0.000054,0.000034,-3.972774,2.966642,-0.136024,-0.079188,0.027545,0.024265,-1.006131,-8.414042,-0.068914,-0.215212
14:40:48.050,0.000054,0.000034,-3.971910,2.967461,-0.135613,-0.077886,0.027746,0.024267,-1.004450,-8.413987,-0.069994,-0.213499
14:40:48.248,0.000054,0.000034,-3.972726,2.968157,-0.135047,-0.077593,0.027721,0.023799,-1.004569,-8.415821,-0.069663,-0.212640
14:40:48.498,0.000054,0.000034,-3.969788,2.966291,-0.134450,-0.079066,0.027869,0.025781,-1.003496,-8.409995,-0.067154,-0.213516
14:40:48.748,0.000054,0.000034,-3.970917,2.965955,-0.134119,-0.080738,0.027751,0.025159,-1.004961,-8.410958,-0.064724,-0.214857
14:40:49.031,0.000054,0.000034,-3.970867,2.965805,-0.134864,-0.076886,0.027857,0.024418,-1.005063,-8.410715,-0.070298,-0.211750
14:40:49.248,0.000054,0.000034,-3.971932,2.966189,-0.136113,-0.076342,0.027757,0.023608,-1.005743,-8.412471,-0.072473,-0.212455
14:40:49.498,0.000054,0.000035,-3.971595,2.966500,-0.135707,-0.077136,0.027762,0.024280,-1.005094,-8.412440,-0.071017,-0.212843
14:40:49.748,0.000054,0.000036,-3.972135,2.967358,-0.134771,-0.077352,0.027693,0.024837,-1.004777,-8.414136,-0.069621,-0.212124
14:40:50.024,0.000054,0.000036,-3.970602,2.964989,-0.134304,-0.077509,0.027738,0.024439,-1.005613,-8.409405,-0.068865,-0.211813
14:40:50.303,0.000054,0.000036,-3.970822,2.967491,-0.134916,-0.078785,0.028023,0.025572,-1.003331,-8.412705,-0.068059,-0.213701
14:40:50.498,0.000054,0.000036,-3.970886,2.965415,-0.135745,-0.079434,0.027926,0.023920,-1.005471,-8.410265,-0.068277,-0.215179
14:40:50.748,0.000054,0.000036,-3.970501,2.966438,-0.136625,-0.080769,0.027828,0.023214,-1.004063,-8.411039,-0.067725,-0.217395
14:40:50.998,0.000054,0.000036,-3.971732,2.966168,-0.135179,-0.078660,0.027741,0.024243,-1.005564,-8.412204,-0.068528,-0.213839
14:40:51.274,0.000054,0.000036,-3.971419,2.966394,-0.134272,-0.076940,0.027675,0.024989,-1.005025,-8.412098,-0.069515,-0.211213
14:40:51.552,0.000054,0.000035,-3.971809,2.967884,-0.134957,-0.078569,0.028024,0.024440,-1.003925,-8.414379,-0.068371,-0.213526
14:40:51.748,0.000054,0.000034,-3.970974,2.964778,-0.135353,-0.079567,0.027797,0.024705,-1.006196,-8.409599,-0.067641,-0.214920
14:40:51.998,0.000054,0.000035,-3.969435,2.965425,-0.135358,-0.079356,0.028379,0.024746,-1.004010,-8.408518,-0.067902,-0.214714
14:40:52.248,0.000054,0.000036,-3.971780,2.967095,-0.136020,-0.079205,0.027608,0.024577,-1.004685,-8.413386,-0.068888,-0.215225
14:40:52.524,0.000054,0.000036,-3.973084,2.967767,-0.134590,-0.078607,0.027749,0.024798,-1.005317,-8.415781,-0.067879,-0.213198
14:40:52.803,0.000054,0.000035,-3.970434,2.965745,-0.134385,-0.077997,0.027530,0.024535,-1.004689,-8.410118,-0.068371,-0.212382
14:40:52.998,0.000054,0.000034,-3.971025,2.967891,-0.134938,-0.074567,0.028205,0.023728,-1.003134,-8.413437,-0.073200,-0.209504
14:40:53.248,0.000054,0.000035,-3.971350,2.967982,-0.136212,-0.076196,0.027896,0.023062,-1.003368,-8.413941,-0.072770,-0.212408
14:40:53.498,0.000054,0.000036,-3.969319,2.965085,-0.136323,-0.076498,0.027831,0.023731,-1.004235,-8.407965,-0.072539,-0.212821
14:40:53.774,0.000054,0.000036,-3.970644,2.967054,-0.135601,-0.077826,0.027884,0.023998,-1.003589,-8.411959,-0.070052,-0.213428
14:40:54.052,0.000054,0.000036,-3.972367,2.967171,-0.134819,-0.076939,0.027628,0.024601,-1.005196,-8.414190,-0.070180,-0.211758
14:40:54.248,0.000054,0.000036,-3.970651,2.966753,-0.134106,-0.078581,0.027879,0.025276,-1.003898,-8.411602,-0.067323,-0.212687
14:40:54.498,0.000054,0.000036,-3.970931,2.966047,-0.135222,-0.077191,0.027491,0.024324,-1.004884,-8.411087,-0.070362,-0.212413
14:40:54.748,0.000054,0.000036,-3.970986,2.966040,-0.135808,-0.077443,0.027747,0.023579,-1.004946,-8.411145,-0.070768,-0.213251
14:40:55.025,0.000054,0.000036,-3.971602,2.965954,-0.135848,-0.076754,0.027275,0.024008,-1.005648,-8.411786,-0.071652,-0.212602
14:40:55.307,0.000054,0.000035,-3.971311,2.967951,-0.135177,-0.076037,0.027657,0.024057,-1.003360,-8.413856,-0.071708,-0.211214
14:40:55.498,0.000054,0.000034,-3.971752,2.967867,-0.134980,-0.074332,0.027811,0.022999,-1.003885,-8.414287,-0.073535,-0.209312
14:40:55.748,0.000054,0.000035,-3.973242,2.968055,-0.135067,-0.075680,0.027494,0.024642,-1.005186,-8.416322,-0.072006,-0.210747
14:40:55.998,0.000054,0.000036,-3.970249,2.966383,-0.134346,-0.078211,0.027940,0.025203,-1.003866,-8.410667,-0.068064,-0.212557
14:40:56.268,0.000054,0.000036,-3.970041,2.965638,-0.135021,-0.078582,0.027697,0.024978,-1.004404,-8.409510,-0.068432,-0.213603
14:40:56.546,0.000054,0.000036,-3.974351,2.969152,-0.136668,-0.078808,0.027628,0.024035,-1.005199,-8.418996,-0.070155,-0.215476
14:40:56.748,0.000054,0.000036,-3.969306,2.965239,-0.135454,-0.076646,0.027740,0.024343,-1.004067,-8.408135,-0.071306,-0.212100
14:40:56.998,0.000054,0.000036,-3.969663,2.965255,-0.134592,-0.077854,0.027597,0.025879,-1.004409,-8.408588,-0.068795,-0.212445
14:40:57.248,0.000054,0.000036,-3.973260,2.968769,-0.134642,-0.078707,0.027733,0.025320,-1.004492,-8.417210,-0.067821,-0.213350
14:40:57.524,0.000054,0.000036,-3.971927,2.966807,-0.134832,-0.079292,0.027338,0.025289,-1.005119,-8.413216,-0.067342,-0.214124
14:40:57.803,0.000054,0.000035,-3.970298,2.966107,-0.135617,-0.076776,0.027533,0.023677,-1.004192,-8.410391,-0.071345,-0.212393
14:40:57.998,0.000054,0.000034,-3.972151,2.966876,-0.136217,-0.078145,0.027576,0.022869,-1.005275,-8.413570,-0.070412,-0.214362
14:40:58.248,0.000054,0.000035,-3.971339,2.967948,-0.135959,-0.080496,0.027842,0.024332,-1.003391,-8.413885,-0.067249,-0.216455
14:40:58.498,0.000054,0.000036,-3.969040,2.964948,-0.134839,-0.078191,0.027545,0.024856,-1.004092,-8.407461,-0.068685,-0.213030
14:40:58.773,0.000054,0.000036,-3.971414,2.966637,-0.134633,-0.076572,0.027460,0.024427,-1.004778,-8.412387,-0.070399,-0.211206
14:40:59.051,0.000054,0.000036,-3.972656,2.967317,-0.134448,-0.075248,0.027370,0.024640,-1.005340,-8.414717,-0.071780,-0.209696
14:40:59.248,0.000054,0.000036,-3.971617,2.965540,-0.135301,-0.075429,0.027050,0.024236,-1.006077,-8.411302,-0.072596,-0.210730
14:40:59.498,0.000054,0.000036,-3.971134,2.966725,-0.135647,-0.079096,0.027656,0.024504,-1.004409,-8.412155,-0.068569,-0.214743
14:40:59.748,0.000054,0.000036,-3.971575,2.966068,-0.135023,-0.078943,0.027543,0.024816,-1.005508,-8.411892,-0.067996,-0.213966
14:41:00.028,0.000054,0.000036,-3.971090,2.965742,-0.134849,-0.078228,0.027217,0.024200,-1.005348,-8.410909,-0.068652,-0.213077
14:41:00.306,0.000054,0.000035,-3.971566,2.965946,-0.134924,-0.076579,0.027460,0.023095,-1.005620,-8.411734,-0.070744,-0.211503
14:41:00.498,0.000054,0.000034,-3.971530,2.965200,-0.134570,-0.078345,0.027329,0.024438,-1.006330,-8.410786,-0.068173,-0.212915
14:41:00.748,0.000054,0.000034,-3.971781,2.965289,-0.134949,-0.077464,0.027213,0.024014,-1.006491,-8.411198,-0.069701,-0.212414
14:41:00.998,0.000054,0.000034,-3.970632,2.965615,-0.135307,-0.077551,0.027436,0.024118,-1.005017,-8.410200,-0.070029,-0.212859
14:41:01.274,0.000054,0.000035,-3.971819,2.965629,-0.134697,-0.076577,0.027705,0.024240,-1.006190,-8.411655,-0.070470,-0.211274
14:41:01.554,0.000054,0.000035,-3.970909,2.965386,-0.134793,-0.077116,0.027296,0.023666,-1.005522,-8.410258,-0.069934,-0.211909
14:41:01.747,0.000054,0.000036,-3.970386,2.965866,-0.135160,-0.076710,0.027570,0.023445,-1.004520,-8.410205,-0.070870,-0.211870
14:41:01.997,0.000054,0.000036,-3.971686,2.967025,-0.135634,-0.074579,0.027937,0.021998,-1.004661,-8.413188,-0.074030,-0.210213
14:41:02.247,0.000054,0.000035,-3.970258,2.966132,-0.135353,-0.073203,0.027648,0.022249,-1.004126,-8.410374,-0.075357,-0.208556
14:41:02.523,0.000054,0.000035,-3.973125,2.967650,-0.134755,-0.073544,0.028005,0.022879,-1.005474,-8.415689,-0.074217,-0.208299
14:41:02.802,0.000054,0.000035,-3.969691,2.964763,-0.134629,-0.075816,0.027608,0.024739,-1.004928,-8.408025,-0.071310,-0.210446
14:41:02.997,0.000054,0.000036,-3.970878,2.966687,-0.134729,-0.075426,0.028194,0.023528,-1.004191,-8.411797,-0.071905,-0.210156
14:41:03.248,0.000054,0.000036,-3.973371,2.968017,-0.135720,-0.077525,0.028131,0.023288,-1.005354,-8.416433,-0.070561,-0.213244
14:41:03.497,0.000054,0.000035,-3.971335,2.966421,-0.135061,-0.077692,0.027994,0.023901,-1.004914,-8.412028,-0.069559,-0.212753
14:41:03.774,0.000054,0.000035,-3.969946,2.965933,-0.134949,-0.077908,0.027939,0.024881,-1.004013,-8.409754,-0.069163,-0.212857
14:41:04.056,0.000054,0.000035,-3.971314,2.967090,-0.134739,-0.079687,0.027565,0.024578,-1.004224,-8.412815,-0.066751,-0.214426
14:41:04.247,0.000054,0.000036,-3.972287,2.967373,-0.135517,-0.079084,0.027830,0.024317,-1.004914,-8.414337,-0.068425,-0.214601
14:41:04.497,0.000054,0.000036,-3.969052,2.965981,-0.135328,-0.078617,0.027736,0.024464,-1.003071,-8.408728,-0.068763,-0.213945
14:41:04.747,0.000054,0.000036,-3.970640,2.967046,-0.135541,-0.080086,0.027929,0.024939,-1.003594,-8.411943,-0.067239,-0.215627
14:41:05.022,0.000054,0.000036,-3.973532,2.967746,-0.135671,-0.079212,0.027489,0.023915,-1.005786,-8.416299,-0.068457,-0.214883
14:41:05.303,0.000054,0.000035,-3.970850,2.967170,-0.135014,-0.077752,0.027710,0.024228,-1.003680,-8.412349,-0.069430,-0.212766
14:41:05.498,0.000054,0.000034,-3.969665,2.965187,-0.134216,-0.077187,0.027990,0.023908,-1.004478,-8.408509,-0.069147,-0.211403
14:41:05.748,0.000054,0.000035,-3.972143,2.968298,-0.134827,-0.079367,0.028199,0.023798,-1.003845,-8.415285,-0.067244,-0.214194
14:41:05.998,0.000054,0.000036,-3.971527,2.966890,-0.135977,-0.078329,0.027589,0.023298,-1.004637,-8.412831,-0.069899,-0.214306
14:41:06.274,0.000054,0.000036,-3.970853,2.965632,-0.136356,-0.076174,0.027997,0.023499,-1.005221,-8.410487,-0.072970,-0.212531
14:41:06.552,0.000054,0.000036,-3.973854,2.968906,-0.136066,-0.075841,0.028164,0.022754,-1.004948,-8.418096,-0.073023,-0.211907
14:41:06.748,0.000054,0.000036,-3.968878,2.965300,-0.134637,-0.076482,0.028233,0.023531,-1.003578,-8.407691,-0.070513,-0.211119
14:41:06.998,0.000054,0.000036,-3.969278,2.965721,-0.134030,-0.078318,0.027853,0.025246,-1.003557,-8.408686,-0.067551,-0.212348
14:41:07.248,0.000054,0.000036,-3.972749,2.967725,-0.135357,-0.075904,0.027610,0.023681,-1.005024,-8.415324,-0.072086,-0.211261
14:41:07.523,0.000054,0.000036,-3.973069,2.967219,-0.136747,-0.075002,0.027351,0.022464,-1.005850,-8.415099,-0.074866,-0.211749
14:41:07.801,0.000054,0.000035,-3.971003,2.966667,-0.136327,-0.076006,0.027415,0.023753,-1.004336,-8.411925,-0.073139,-0.212334
14:41:07.998,0.000054,0.000034,-3.972475,2.967464,-0.135294,-0.074920,0.027612,0.023450,-1.005012,-8.414676,-0.073204,-0.210214
14:41:08.248,0.000054,0.000035,-3.969159,2.964799,-0.134390,-0.074581,0.027797,0.023588,-1.004360,-8.407424,-0.072518,-0.208972
14:41:08.498,0.000054,0.000036,-3.968274,2.965102,-0.134908,-0.077066,0.028201,0.024306,-1.003172,-8.406718,-0.070134,-0.211974
14:41:08.772,0.000054,0.000036,-3.972288,2.968641,-0.135794,-0.077596,0.027656,0.023919,-1.003647,-8.415877,-0.070566,-0.213389
14:41:09.052,0.000054,0.000035,-3.972661,2.967751,-0.136018,-0.076825,0.027521,0.022931,-1.004911,-8.415250,-0.071770,-0.212843
14:41:09.248,0.000054,0.000034,-3.971286,2.965954,-0.135262,-0.076142,0.027883,0.023449,-1.005332,-8.411403,-0.071682,-0.211404
14:41:09.498,0.000054,0.000035,-3.970219,2.965050,-0.134830,-0.076807,0.027842,0.024276,-1.005169,-8.409014,-0.070352,-0.211637
14:41:09.748,0.000054,0.000036,-3.971726,2.967136,-0.134919,-0.075907,0.027823,0.023889,-1.004590,-8.413370,-0.071553,-0.210826
14:41:10.014,0.000054,0.000036,-3.970051,2.965739,-0.134567,-0.074792,0.027631,0.024441,-1.004312,-8.409645,-0.072477,-0.209359
14:41:10.292,0.000054,0.000035,-3.971537,2.967557,-0.135171,-0.074508,0.027987,0.023845,-1.003980,-8.413652,-0.073554,-0.209679
14:41:10.498,0.000054,0.000034,-3.973216,2.967099,-0.135427,-0.076174,0.027698,0.023631,-1.006118,-8.415132,-0.071844,-0.211601
14:41:10.748,0.000054,0.000034,-3.970208,2.967572,-0.134924,-0.073590,0.027816,0.023259,-1.002636,-8.412059,-0.074367,-0.208514
14:41:10.998,0.000054,0.000034,-3.970892,2.967486,-0.134687,-0.073541,0.028030,0.023539,-1.003406,-8.412784,-0.074139,-0.208228
14:41:11.274,0.000054,0.000035,-3.969774,2.966048,-0.135092,-0.074449,0.027795,0.023629,-1.003726,-8.409684,-0.073530,-0.209541
14:41:11.553,0.000054,0.000036,-3.969787,2.966551,-0.135091,-0.074973,0.027774,0.023433,-1.003236,-8.410310,-0.072893,-0.210064
14:41:11.748,0.000054,0.000036,-3.972154,2.968465,-0.135510,-0.078073,0.027636,0.024595,-1.003689,-8.415500,-0.069643,-0.213583
14:41:11.998,0.000054,0.000036,-3.971533,2.967038,-0.135564,-0.078383,0.027452,0.025177,-1.004495,-8.413017,-0.069332,-0.213947
14:41:12.248,0.000054,0.000036,-3.969979,2.966393,-0.135009,-0.076374,0.027557,0.025302,-1.003586,-8.410350,-0.071095,-0.211383
14:41:12.528,0.000054,0.000036,-3.970655,2.966486,-0.135122,-0.074950,0.027693,0.024742,-1.004168,-8.411283,-0.072959,-0.210073
14:41:12.807,0.000054,0.000036,-3.969294,2.966163,-0.135172,-0.076444,0.027729,0.024432,-1.003131,-8.409241,-0.071208,-0.211616
14:41:12.998,0.000054,0.000036,-3.970695,2.966039,-0.134884,-0.078464,0.027462,0.024873,-1.004655,-8.410790,-0.068409,-0.213348
14:41:13.248,0.000054,0.000036,-3.972207,2.966896,-0.134997,-0.077113,0.027538,0.023859,-1.005311,-8.413662,-0.070184,-0.212109
14:41:13.498,0.000054,0.000035,-3.971733,2.967484,-0.134687,-0.077791,0.027825,0.024993,-1.004249,-8.413800,-0.068986,-0.212478
14:41:13.773,0.000054,0.000034,-3.970691,2.966094,-0.134808,-0.078434,0.027997,0.024825,-1.004597,-8.410851,-0.068354,-0.213242
14:41:14.051,0.000054,0.000034,-3.969363,2.966156,-0.134909,-0.077894,0.027851,0.024622,-1.003207,-8.409317,-0.069131,-0.212803
14:41:14.248,0.000054,0.000034,-3.971289,2.966488,-0.134949,-0.079520,0.028013,0.024897,-1.004801,-8.412054,-0.067208,-0.214469
