Time,Normal1,Normal2,Side1,Side2,Axial,Roll,Normal,Side,Pitch,Yaw,Pitch_position,Yaw_position
hh:mm:ss.ms,lb,lb,lb,lb,lb,in-lb,lb,lb,in-lb,in-lb,degree,degree
14:39:30.038,-3.971976,2.967049,-0.134781,-0.075168,0.027640,0.023360,-1.004927,-8.413568,-0.072281,-0.209949,0.000051,0.000036
14:39:30.101,-3.970945,2.967356,-0.135502,-0.075343,0.027716,0.022351,-1.003589,-8.412690,-0.072943,-0.210845,0.000051,0.000036
14:39:30.201,-3.971269,2.967267,-0.135844,-0.077765,0.027692,0.022705,-1.004002,-8.412974,-0.070421,-0.213609,0.000051,0.000036
14:39:30.301,-3.971082,2.966289,-0.135044,-0.079166,0.027733,0.023547,-1.004792,-8.411563,-0.067753,-0.214209,0.000051,0.000036
14:39:30.401,-3.970703,2.966546,-0.133586,-0.079079,0.027875,0.024082,-1.004157,-8.411415,-0.066091,-0.212665,0.000051,0.000036
14:39:30.538,-3.971671,2.966823,-0.133522,-0.078071,0.027960,0.024035,-1.004848,-8.412924,-0.067234,-0.211593,0.000051,0.000036
14:39:30.601,-3.971253,2.965668,-0.134897,-0.078132,0.027911,0.023608,-1.005585,-8.411017,-0.068828,-0.213029,0.000051,0.000036
14:39:30.701,-3.970851,2.965585,-0.136266,-0.078440,0.027688,0.022602,-1.005266,-8.410429,-0.070114,-0.214706,0.000051,0.000036
14:39:30.813,-3.971471,2.966202,-0.135989,-0.077465,0.027826,0.022109,-1.005269,-8.411929,-0.070960,-0.213455,0.000051,0.000036
14:39:30.901,-3.972135,2.967777,-0.135046,-0.077417,0.027982,0.022706,-1.004358,-8.414644,-0.069875,-0.212463,0.000051,0.000036
14:39:31.092,-3.970998,2.966907,-0.134177,-0.078421,0.027923,0.024069,-1.004091,-8.412210,-0.067604,-0.212597,0.000051,0.000036
14:39:31.101,-3.971079,2.966626,-0.134166,-0.078571,0.027951,0.024201,-1.004453,-8.411967,-0.067409,-0.212736,0.000051,0.000036
14:39:31.201,-3.972607,2.967061,-0.134971,-0.078981,0.027977,0.023277,-1.005546,-8.414348,-0.067888,-0.213951,0.000051,0.000036
14:39:31.301,-3.970974,2.966132,-0.135423,-0.080287,0.028038,0.023164,-1.004842,-8.411241,-0.066852,-0.215710,0.000051,0.000036
14:39:31.401,-3.970626,2.966191,-0.134729,-0.078818,0.028083,0.023512,-1.004436,-8.410891,-0.067793,-0.213547,0.000051,0.000036
14:39:31.538,-3.971951,2.966786,-0.133720,-0.077030,0.028043,0.023686,-1.005165,-8.413218,-0.068736,-0.210750,0.000051,0.000036
14:39:31.601,-3.970970,2.967126,-0.133844,-0.078233,0.028239,0.024154,-1.003844,-8.412441,-0.067429,-0.212077,0.000051,0.000036
14:39:31.701,-3.970285,2.967534,-0.134877,-0.078771,0.028261,0.023944,-1.002751,-8.412107,-0.068028,-0.213648,0.000051,0.000036
14:39:31.801,-3.971532,2.967536,-0.135912,-0.077414,0.028186,0.023141,-1.003996,-8.413619,-0.070929,-0.213327,0.000051,0.000036
14:39:31.901,-3.971286,2.965870,-0.135933,-0.078102,0.028006,0.023281,-1.005416,-8.411301,-0.070119,-0.214035,0.000051,0.000036
14:39:32.065,-3.971886,2.966352,-0.135145,-0.079060,0.027830,0.023994,-1.005535,-8.412614,-0.068003,-0.214205,0.000051,0.000036
14:39:32.101,-3.972304,2.967490,-0.134230,-0.080111,0.027928,0.024472,-1.004814,-8.414501,-0.065619,-0.214341,0.000051,0.000036
14:39:32.201,-3.971099,2.966771,-0.133960,-0.080716,0.027900,0.024960,-1.004329,-8.412168,-0.064559,-0.214676,0.000051,0.000036
14:39:32.303,-3.970804,2.966284,-0.134412,-0.079597,0.028091,0.024306,-1.004521,-8.411219,-0.066463,-0.214010,0.000051,0.000036
14:39:32.401,-3.971356,2.967352,-0.135089,-0.079437,0.028123,0.023798,-1.004004,-8.413183,-0.067478,-0.214526,0.000051,0.000036
14:39:32.538,-3.970799,2.966241,-0.135530,-0.079662,0.027847,0.024086,-1.004558,-8.411161,-0.067740,-0.215192,0.000051,0.000036
14:39:32.601,-3.971331,2.965649,-0.135396,-0.078739,0.027893,0.023445,-1.005683,-8.411088,-0.068697,-0.214135,0.000051,0.000036
14:39:32.701,-3.972529,2.966526,-0.134836,-0.079577,0.027958,0.023689,-1.006004,-8.413604,-0.067001,-0.214412,0.000051,0.000036
14:39:32.801,-3.971411,2.966884,-0.134614,-0.080177,0.027800,0.024376,-1.004527,-8.412683,-0.066006,-0.214791,0.000051,0.000036
14:39:32.901,-3.971169,2.966207,-0.134863,-0.079453,0.027729,0.024587,-1.004962,-8.411568,-0.067185,-0.214316,0.000051,0.000036
14:39:33.064,-3.971542,2.966161,-0.134801,-0.078728,0.027646,0.024336,-1.005381,-8.411965,-0.067988,-0.213530,0.000051,0.000036
14:39:33.101,-3.971621,2.967667,-0.134367,-0.078088,0.027880,0.024095,-1.003954,-8.413887,-0.068238,-0.212455,0.000051,0.000036
14:39:33.201,-3.971910,2.967271,-0.133966,-0.077529,0.027900,0.024353,-1.004639,-8.413757,-0.068430,-0.211495,0.000051,0.000036
14:39:33.347,-3.971946,2.966647,-0.134454,-0.077315,0.027889,0.024268,-1.005300,-8.413044,-0.069281,-0.211768,0.000051,0.000036
14:39:33.401,-3.971526,2.965884,-0.135202,-0.076845,0.027716,0.023735,-1.005642,-8.411609,-0.070758,-0.212047,0.000051,0.000036
14:39:33.538,-3.970964,2.966498,-0.135601,-0.076525,0.027859,0.023249,-1.004466,-8.411672,-0.071630,-0.212126,0.000051,0.000036
14:39:33.601,-3.972428,2.967731,-0.135217,-0.076226,0.027903,0.022993,-1.004697,-8.414943,-0.071527,-0.211443,0.000051,0.000036
14:39:33.701,-3.971599,2.966451,-0.134144,-0.076535,0.027876,0.023385,-1.005148,-8.412386,-0.069851,-0.210679,0.000051,0.000036
14:39:33.800,-3.971528,2.966050,-0.134212,-0.076973,0.027787,0.023186,-1.005478,-8.411812,-0.069402,-0.211185,0.000051,0.000036
14:39:33.900,-3.971658,2.966315,-0.134937,-0.077743,0.027798,0.022808,-1.005343,-8.412292,-0.069348,-0.212680,0.000051,0.000036
14:39:34.037,-3.970985,2.965402,-0.135338,-0.077493,0.027804,0.022938,-1.005583,-8.410370,-0.070137,-0.212831,0.000051,0.000036
14:39:34.100,-3.971231,2.965580,-0.134905,-0.076351,0.027779,0.023261,-1.005651,-8.410884,-0.070998,-0.211256,0.000051,0.000036
14:39:34.200,-3.971999,2.967080,-0.134175,-0.075763,0.028058,0.023304,-1.004919,-8.413633,-0.070824,-0.209938,0.000051,0.000036
14:39:34.312,-3.972369,2.967378,-0.133688,-0.075311,0.027937,0.023490,-1.004991,-8.414444,-0.070782,-0.208998,0.000051,0.000036
14:39:34.400,-3.970858,2.966224,-0.134131,-0.074112,0.027792,0.022973,-1.004634,-8.411213,-0.072774,-0.208243,0.000051,0.000036
14:39:34.591,-3.970984,2.967365,-0.135688,-0.074303,0.027838,0.022177,-1.003619,-8.412749,-0.074429,-0.209991,0.000051,0.000036
14:39:34.600,-3.971527,2.967134,-0.136295,-0.076365,0.027623,0.022518,-1.004393,-8.413127,-0.072666,-0.212660,0.000051,0.000036
14:39:34.700,-3.970988,2.966917,-0.135428,-0.077694,0.027639,0.023377,-1.004070,-8.412210,-0.070002,-0.213121,0.000051,0.000036
14:39:34.800,-3.971733,2.967106,-0.133869,-0.077206,0.027674,0.024443,-1.004627,-8.413342,-0.068704,-0.211074,0.000051,0.000036
14:39:34.900,-3.971790,2.967779,-0.132789,-0.075692,0.027831,0.024701,-1.004011,-8.414228,-0.069229,-0.208481,0.000051,0.000036
14:39:35.037,-3.970108,2.965685,-0.133129,-0.075433,0.027754,0.024353,-1.004424,-8.409649,-0.069957,-0.208561,0.000051,0.000036
14:39:35.100,-3.971054,2.965390,-0.135005,-0.076601,0.027596,0.023644,-1.005664,-8.410438,-0.070815,-0.211606,0.000051,0.000036
14:39:35.200,-3.972548,2.966283,-0.136028,-0.077466,0.027559,0.023537,-1.006264,-8.413333,-0.071007,-0.213494,0.000051,0.000036
14:39:35.300,-3.972008,2.966607,-0.135247,-0.078369,0.027410,0.024058,-1.005401,-8.413070,-0.068964,-0.213616,0.000051,0.000036
14:39:35.400,-3.971153,2.966537,-0.134315,-0.078651,0.027552,0.024260,-1.004616,-8.411950,-0.067493,-0.212967,0.000051,0.000036
14:39:35.562,-3.971258,2.966493,-0.134142,-0.078680,0.027721,0.024017,-1.004765,-8.412023,-0.067248,-0.212822,0.000051,0.000036
14:39:35.600,-3.970972,2.966272,-0.134579,-0.077407,0.027615,0.024024,-1.004700,-8.411409,-0.069322,-0.211986,0.000051,0.000036
14:39:35.700,-3.971408,2.966340,-0.135159,-0.076348,0.027803,0.023249,-1.005068,-8.412019,-0.071309,-0.211507,0.000051,0.000036
14:39:35.841,-3.971955,2.967744,-0.134905,-0.076069,0.028064,0.023223,-1.004210,-8.414385,-0.071338,-0.210974,0.000051,0.000036
14:39:35.900,-3.970964,2.967664,-0.133748,-0.076189,0.028166,0.023851,-1.003300,-8.413087,-0.069791,-0.209937,0.000051,0.000036
14:39:36.037,-3.972250,2.966558,-0.133477,-0.076678,0.027887,0.024065,-1.005693,-8.413305,-0.068868,-0.210155,0.000051,0.000036
14:39:36.100,-3.971603,2.966376,-0.134498,-0.076803,0.027966,0.023773,-1.005227,-8.412299,-0.069955,-0.211301,0.000051,0.000036
14:39:36.200,-3.970607,2.966643,-0.135853,-0.076123,0.028203,0.023114,-1.003964,-8.411415,-0.072423,-0.211977,0.000051,0.000036
14:39:36.300,-3.971027,2.966853,-0.136139,-0.077006,0.027973,0.022593,-1.004174,-8.412178,-0.071698,-0.213145,0.000051,0.000036
14:39:36.400,-3.971513,2.966593,-0.134928,-0.078554,0.027789,0.023241,-1.004920,-8.412454,-0.068353,-0.213482,0.000051,0.000036
14:39:36.537,-3.971534,2.967086,-0.133629,-0.079312,0.027764,0.024360,-1.004448,-8.413078,-0.065859,-0.212941,0.000051,0.000036
14:39:36.600,-3.971477,2.966377,-0.133544,-0.079916,0.027767,0.024743,-1.005100,-8.412148,-0.065023,-0.213460,0.000051,0.000036
14:39:36.700,-3.971429,2.965710,-0.134370,-0.079721,0.027892,0.024409,-1.005719,-8.411280,-0.066262,-0.214091,0.000051,0.000036
14:39:36.813,-3.970742,2.966164,-0.134846,-0.079429,0.028059,0.024475,-1.004578,-8.410998,-0.067194,-0.214275,0.000051,0.000036
14:39:36.900,-3.971352,2.967248,-0.135013,-0.079757,0.028216,0.024791,-1.004104,-8.413053,-0.066999,-0.214770,0.000051,0.000036
14:39:37.037,-3.971155,2.967077,-0.134546,-0.079504,0.028301,0.024876,-1.004079,-8.412607,-0.066738,-0.214050,0.000051,0.000036
14:39:37.100,-3.971302,2.966574,-0.134151,-0.076082,0.028021,0.023857,-1.004727,-8.412174,-0.070409,-0.210233,0.000051,0.000036
14:39:37.200,-3.971906,2.967485,-0.134839,-0.075673,0.028030,0.023028,-1.004421,-8.414012,-0.071739,-0.210512,0.000051,0.000036
14:39:37.300,-3.971507,2.967686,-0.135549,-0.078373,0.028166,0.023351,-1.003821,-8.413771,-0.069325,-0.213921,0.000051,0.000036
14:39:37.400,-3.971113,2.966712,-0.135663,-0.079566,0.028126,0.023698,-1.004400,-8.412113,-0.068018,-0.215229,0.000051,0.000036
14:39:37.568,-3.971129,2.966176,-0.134661,-0.080030,0.028114,0.023904,-1.004953,-8.411482,-0.066240,-0.214692,0.000051,0.000036
14:39:37.600,-3.971960,2.966349,-0.133579,-0.080507,0.028076,0.024542,-1.005611,-8.412699,-0.064349,-0.214086,0.000051,0.000036
14:39:37.701,-3.971364,2.966476,-0.133313,-0.080355,0.028218,0.024886,-1.004888,-8.412131,-0.064212,-0.213668,0.000051,0.000036
14:39:37.848,-3.971675,2.966635,-0.134392,-0.080387,0.028251,0.024172,-1.005040,-8.412701,-0.065481,-0.214778,0.000051,0.000036
14:39:37.901,-3.972256,2.966701,-0.135672,-0.079961,0.028237,0.023499,-1.005555,-8.413485,-0.067549,-0.215632,0.000051,0.000036
14:39:38.038,-3.971299,2.966134,-0.135716,-0.081041,0.028123,0.023617,-1.005165,-8.411638,-0.066293,-0.216757,0.000051,0.000036
14:39:38.101,-3.970959,2.966066,-0.135032,-0.079810,0.028081,0.023676,-1.004893,-8.411142,-0.066956,-0.214842,0.000051,0.000036
14:39:38.201,-3.971520,2.966757,-0.134575,-0.077881,0.027975,0.023982,-1.004763,-8.412661,-0.068743,-0.212456,0.000051,0.000036
14:39:38.301,-3.971386,2.967290,-0.134605,-0.078137,0.028081,0.024262,-1.004096,-8.413145,-0.068467,-0.212741,0.000051,0.000036
14:39:38.401,-3.970906,2.967095,-0.135166,-0.079385,0.028128,0.024422,-1.003811,-8.412327,-0.067635,-0.214550,0.000051,0.000036
14:39:38.538,-3.971741,2.967141,-0.135609,-0.079729,0.028140,0.023848,-1.004600,-8.413395,-0.067755,-0.215338,0.000051,0.000036
14:39:38.601,-3.971154,2.966562,-0.134994,-0.078162,0.028332,0.023728,-1.004592,-8.411981,-0.068908,-0.213156,0.000051,0.000036
14:39:38.701,-3.971764,2.966688,-0.134162,-0.077857,0.028345,0.024465,-1.005077,-8.412873,-0.068270,-0.212019,0.000051,0.000036
14:39:38.813,-3.972536,2.966570,-0.134200,-0.079187,0.027927,0.024705,-1.005966,-8.413666,-0.066703,-0.213388,0.000051,0.000036
14:39:38.901,-3.971977,2.966404,-0.135290,-0.079901,0.027897,0.024310,-1.005572,-8.412787,-0.067160,-0.215191,0.000051,0.000036
14:39:39.038,-3.971824,2.966552,-0.136593,-0.079795,0.027934,0.023498,-1.005272,-8.412781,-0.068867,-0.216388,0.000051,0.000036
14:39:39.101,-3.972659,2.967358,-0.136722,-0.079623,0.027957,0.022962,-1.005301,-8.414771,-0.069233,-0.216345,0.000051,0.000036
14:39:39.201,-3.971378,2.966628,-0.134948,-0.078285,0.028255,0.024385,-1.004750,-8.412332,-0.068704,-0.213233,0.000051,0.000036
14:39:39.301,-3.971318,2.966277,-0.133524,-0.076950,0.028056,0.025239,-1.005041,-8.411835,-0.068596,-0.210475,0.000051,0.000036
14:39:39.401,-3.972441,2.968870,-0.133765,-0.076179,0.028085,0.024842,-1.003571,-8.416341,-0.069824,-0.209944,0.000051,0.000036
14:39:39.545,-3.971413,2.968798,-0.134705,-0.075848,0.028270,0.024078,-1.002615,-8.415005,-0.071364,-0.210553,0.000051,0.000036
14:39:39.601,-3.970937,2.967428,-0.135520,-0.076529,0.028477,0.023645,-1.003509,-8.412768,-0.071527,-0.212049,0.000051,0.000036
14:39:39.701,-3.971144,2.967131,-0.135625,-0.078011,0.028357,0.023891,-1.004014,-8.412658,-0.069857,-0.213637,0.000051,0.000036
14:39:39.823,-3.970918,2.966400,-0.134973,-0.078919,0.028242,0.024891,-1.004518,-8.411497,-0.067966,-0.213892,0.000051,0.000036
14:39:39.901,-3.970532,2.966313,-0.134153,-0.078245,0.028278,0.025159,-1.004219,-8.410925,-0.067788,-0.212397,0.000051,0.000036
14:39:40.038,-3.971686,2.967098,-0.134523,-0.079012,0.028356,0.024879,-1.004588,-8.413276,-0.067307,-0.213535,0.000051,0.000036
14:39:40.101,-3.972042,2.967413,-0.135841,-0.079421,0.028035,0.024009,-1.004628,-8.414090,-0.068409,-0.215263,0.000051,0.000036
14:39:40.201,-3.971227,2.966637,-0.136296,-0.079315,0.027921,0.023486,-1.004590,-8.412159,-0.069089,-0.215611,0.000051,0.000036
14:39:40.301,-3.970984,2.966754,-0.135353,-0.079163,0.028278,0.024157,-1.004230,-8.412008,-0.068130,-0.214516,0.000051,0.000036
14:39:40.401,-3.970516,2.966476,-0.133875,-0.078758,0.028414,0.024955,-1.004041,-8.411103,-0.066828,-0.212633,0.000051,0.000036
14:39:40.543,-3.971018,2.966467,-0.133629,-0.078780,0.028387,0.025068,-1.004551,-8.411701,-0.066504,-0.212410,0.000051,0.000036
14:39:40.601,-3.970651,2.966502,-0.134428,-0.078587,0.028370,0.024166,-1.004149,-8.411299,-0.067708,-0.213015,0.000051,0.000036
14:39:40.701,-3.970783,2.966042,-0.135419,-0.078903,0.028081,0.023659,-1.004741,-8.410900,-0.068526,-0.214322,0.000051,0.000036
14:39:40.823,-3.972402,2.967410,-0.136345,-0.077489,0.027967,0.023035,-1.004992,-8.414522,-0.071363,-0.213834,0.000051,0.000036
14:39:40.901,-3.972465,2.968026,-0.135832,-0.076193,0.028137,0.022885,-1.004439,-8.415345,-0.072312,-0.212026,0.000051,0.000036
14:39:41.038,-3.970868,2.966926,-0.134570,-0.075335,0.028248,0.023422,-1.003943,-8.412076,-0.071823,-0.209905,0.000051,0.000036
14:39:41.101,-3.970109,2.966610,-0.134237,-0.075334,0.028490,0.024194,-1.003498,-8.410772,-0.071420,-0.209571,0.000051,0.000036
14:39:41.201,-3.971620,2.966779,-0.134911,-0.076233,0.028156,0.023850,-1.004840,-8.412808,-0.071146,-0.211144,0.000051,0.000036
14:39:41.301,-3.972332,2.967167,-0.135300,-0.078552,0.027929,0.024251,-1.005166,-8.414142,-0.068807,-0.213852,0.000051,0.000036
14:39:41.401,-3.971799,2.966907,-0.135053,-0.079132,0.028004,0.024709,-1.004892,-8.413181,-0.067804,-0.214185,0.000051,0.000036
14:39:41.539,-3.971430,2.966649,-0.134906,-0.078397,0.028018,0.024295,-1.004781,-8.412421,-0.068517,-0.213304,0.000051,0.000036
14:39:41.601,-3.971844,2.966483,-0.134670,-0.077125,0.028312,0.023857,-1.005361,-8.412721,-0.069774,-0.211795,0.000051,0.000036
14:39:41.701,-3.970840,2.965949,-0.134686,-0.076333,0.028417,0.023585,-1.004892,-8.410857,-0.070753,-0.211019,0.000051,0.000036
14:39:41.813,-3.971660,2.966490,-0.135390,-0.076612,0.028244,0.023275,-1.005169,-8.412507,-0.071268,-0.212002,0.000051,0.000036
14:39:41.901,-3.972466,2.967352,-0.135323,-0.076596,0.028193,0.023392,-1.005115,-8.414529,-0.071207,-0.211918,0.000051,0.000036
14:39:42.092,-3.971943,2.967854,-0.134866,-0.075930,0.028179,0.023612,-1.004089,-8.414505,-0.071461,-0.210796,0.000051,0.000036
14:39:42.101,-3.972170,2.967822,-0.134553,-0.074927,0.028094,0.023790,-1.004347,-8.414740,-0.072296,-0.209480,0.000051,0.000036
14:39:42.201,-3.970712,2.966630,-0.134438,-0.074281,0.028199,0.023611,-1.004082,-8.411527,-0.072940,-0.208720,0.000051,0.000036
14:39:42.301,-3.970008,2.966004,-0.134772,-0.074175,0.028339,0.023656,-1.004005,-8.409914,-0.073473,-0.208947,0.000051,0.000036
14:39:42.401,-3.971762,2.967176,-0.135058,-0.074917,0.028366,0.023486,-1.004586,-8.413462,-0.072921,-0.209975,0.000051,0.000036
14:39:42.539,-3.971651,2.967522,-0.135081,-0.075736,0.028494,0.023633,-1.004129,-8.413748,-0.071955,-0.210817,0.000051,0.000036
14:39:42.601,-3.969746,2.966944,-0.135008,-0.076929,0.028579,0.023599,-1.002802,-8.410737,-0.070420,-0.211937,0.000051,0.000036
14:39:42.701,-3.971064,2.966982,-0.135403,-0.078057,0.028456,0.023179,-1.004082,-8.412381,-0.069532,-0.213461,0.000051,0.000036
14:39:42.801,-3.971589,2.965983,-0.135462,-0.077064,0.028269,0.023352,-1.005606,-8.411805,-0.070808,-0.212525,0.000051,0.000036
14:39:42.901,-3.971475,2.966074,-0.134947,-0.076121,0.028318,0.023531,-1.005400,-8.411778,-0.071327,-0.211068,0.000051,0.000036
14:39:43.066,-3.972034,2.967282,-0.134506,-0.074974,0.028433,0.023426,-1.004752,-8.413921,-0.072183,-0.209481,0.000051,0.000036
14:39:43.101,-3.972250,2.966840,-0.134243,-0.075801,0.028441,0.023587,-1.005409,-8.413647,-0.070861,-0.210044,0.000051,0.000036
14:39:43.201,-3.971948,2.966578,-0.134270,-0.077098,0.028312,0.023710,-1.005370,-8.412962,-0.069320,-0.211368,0.000051,0.000036
14:39:43.345,-3.971905,2.966989,-0.134416,-0.076914,0.028149,0.023998,-1.004915,-8.413409,-0.069722,-0.211330,0.000051,0.000036
14:39:43.401,-3.971821,2.967239,-0.134917,-0.076744,0.028274,0.023769,-1.004582,-8.413610,-0.070535,-0.211661,0.000051,0.000036
14:39:43.538,-3.970897,2.966716,-0.135205,-0.077351,0.028511,0.023553,-1.004181,-8.411856,-0.070148,-0.212556,0.000051,0.000036
14:39:43.601,-3.970959,2.966963,-0.135408,-0.076854,0.028410,0.023367,-1.003996,-8.412231,-0.070996,-0.212262,0.000051,0.000036
14:39:43.701,-3.971261,2.966466,-0.135240,-0.076621,0.028299,0.023608,-1.004795,-8.411994,-0.071075,-0.211861,0.000051,0.000036
14:39:43.801,-3.971381,2.966728,-0.134729,-0.076417,0.028257,0.023995,-1.004654,-8.412457,-0.070704,-0.211145,0.000051,0.000036
14:39:43.901,-3.970904,2.966995,-0.134474,-0.075823,0.028267,0.024100,-1.003910,-8.412202,-0.071115,-0.210297,0.000051,0.000036
14:39:44.038,-3.972117,2.967038,-0.134561,-0.075874,0.028278,0.023576,-1.005080,-8.413725,-0.071158,-0.210435,0.000051,0.000036
14:39:44.101,-3.971346,2.966415,-0.134497,-0.075311,0.028460,0.023280,-1.004931,-8.412035,-0.071762,-0.209808,0.000051,0.000036
14:39:44.201,-3.970556,2.966663,-0.134481,-0.074866,0.028556,0.023364,-1.003893,-8.411379,-0.072283,-0.209347,0.000051,0.000036
14:39:44.312,-3.970888,2.966863,-0.134436,-0.075218,0.028495,0.023476,-1.004024,-8.412023,-0.071801,-0.209654,0.000051,0.000036
14:39:44.401,-3.969921,2.965853,-0.134503,-0.074841,0.028549,0.023267,-1.004068,-8.409626,-0.072340,-0.209345,0.000051,0.000036
14:39:44.591,-3.970215,2.966292,-0.134855,-0.073800,0.028573,0.022702,-1.003922,-8.410515,-0.074029,-0.208654,0.000051,0.000036
14:39:44.601,-3.971114,2.966620,-0.135310,-0.074255,0.028418,0.022667,-1.004494,-8.412002,-0.074029,-0.209565,0.000051,0.000036
14:39:44.701,-3.971061,2.966327,-0.135287,-0.076503,0.028468,0.023243,-1.004735,-8.411583,-0.071275,-0.211790,0.000051,0.000036
14:39:44.801,-3.971870,2.966794,-0.135010,-0.077771,0.028213,0.023688,-1.005076,-8.413130,-0.069403,-0.212782,0.000051,0.000036
14:39:44.901,-3.972669,2.967052,-0.134457,-0.077620,0.028223,0.023949,-1.005617,-8.414411,-0.068915,-0.212076,0.000051,0.000036
14:39:45.038,-3.970339,2.965512,-0.133705,-0.077199,0.028580,0.024198,-1.004827,-8.409718,-0.068514,-0.210905,0.000051,0.000036
14:39:45.101,-3.970557,2.965646,-0.133916,-0.077529,0.028669,0.024203,-1.004912,-8.410146,-0.068369,-0.211445,0.000051,0.000036
14:39:45.201,-3.971356,2.965890,-0.135227,-0.078722,0.028327,0.024163,-1.005466,-8.411410,-0.068513,-0.213949,0.000051,0.000036
14:39:45.301,-3.972132,2.966869,-0.136682,-0.078155,0.028142,0.023367,-1.005262,-8.413539,-0.070965,-0.214837,0.000051,0.000036
14:39:45.401,-3.972571,2.967371,-0.136491,-0.076306,0.028285,0.022658,-1.005199,-8.414680,-0.072975,-0.212797,0.000051,0.000036
14:39:45.564,-3.969946,2.964904,-0.134652,-0.076278,0.028400,0.023647,-1.005042,-8.408506,-0.070778,-0.210930,0.000051,0.000036
14:39:45.601,-3.968740,2.965261,-0.133766,-0.076411,0.028711,0.024329,-1.003479,-8.407475,-0.069543,-0.210177,0.000051,0.000036
14:39:45.701,-3.970612,2.966387,-0.133967,-0.074923,0.028797,0.024225,-1.004225,-8.411110,-0.071590,-0.208890,0.000051,0.000036
14:39:45.840,-3.972148,2.966900,-0.134588,-0.073810,0.028455,0.023444,-1.005248,-8.413596,-0.073693,-0.208398,0.000051,0.000036
14:39:45.901,-3.972003,2.967328,-0.135745,-0.073978,0.028188,0.022817,-1.004675,-8.413939,-0.074893,-0.209724,0.000051,0.000036
14:39:46.038,-3.972128,2.967095,-0.136040,-0.073916,0.028403,0.022365,-1.005034,-8.413808,-0.075326,-0.209956,0.000051,0.000036
14:39:46.101,-3.969157,2.964513,-0.135060,-0.075432,0.028448,0.023303,-1.004645,-8.407074,-0.072299,-0.210493,0.000051,0.000036
14:39:46.201,-3.968023,2.964288,-0.134211,-0.077028,0.028500,0.024254,-1.003736,-8.405427,-0.069335,-0.211239,0.000052,0.000036
14:39:46.301,-3.971395,2.966952,-0.134606,-0.076370,0.028372,0.023597,-1.004443,-8.412746,-0.070611,-0.210976,0.000053,0.000036
14:39:46.401,-3.972604,2.967323,-0.135569,-0.076102,0.028140,0.022762,-1.005282,-8.414661,-0.072104,-0.211670,0.000054,0.000036
14:39:46.538,-3.972103,2.966809,-0.136377,-0.076569,0.028021,0.022873,-1.005294,-8.413432,-0.072517,-0.212946,0.000053,0.000036
14:39:46.601,-3.971998,2.966548,-0.136055,-0.077152,0.028124,0.023447,-1.005451,-8.412987,-0.071420,-0.213207,0.000052,0.000036
14:39:46.701,-3.970832,2.965762,-0.134641,-0.078435,0.028473,0.024322,-1.005070,-8.410619,-0.068150,-0.213076,0.000051,0.000036
14:39:46.812,-3.970364,2.965044,-0.133392,-0.078764,0.028653,0.024969,-1.005320,-8.409182,-0.066236,-0.212155,0.000051,0.000036
14:39:46.901,-3.972213,2.967276,-0.133909,-0.077176,0.028578,0.024214,-1.004936,-8.414131,-0.068788,-0.211085,0.000051,0.000036
14:39:47.095,-3.972477,2.967410,-0.135110,-0.076620,0.028421,0.023473,-1.005067,-8.414612,-0.070919,-0.211731,0.000051,0.000036
14:39:47.101,-3.971763,2.967261,-0.136165,-0.077634,0.028355,0.022768,-1.004502,-8.413566,-0.070968,-0.213799,0.000051,0.000036
14:39:47.201,-3.970561,2.968028,-0.136389,-0.077886,0.028292,0.023158,-1.002533,-8.413039,-0.070935,-0.214276,0.000051,0.000036
14:39:47.301,-3.969964,2.967214,-0.135403,-0.077727,0.028497,0.023688,-1.002750,-8.411328,-0.069932,-0.213130,0.000051,0.000036
14:39:47.401,-3.970006,2.966146,-0.134165,-0.076965,0.028744,0.024194,-1.003861,-8.410084,-0.069355,-0.211131,0.000051,0.000036
14:39:47.538,-3.970873,2.966967,-0.134181,-0.076969,0.028627,0.024112,-1.003906,-8.412131,-0.069370,-0.211149,0.000051,0.000036
14:39:47.601,-3.972856,2.968592,-0.135120,-0.076769,0.028457,0.023423,-1.004264,-8.416506,-0.070751,-0.211890,0.000051,0.000036
14:39:47.701,-3.971011,2.967184,-0.135365,-0.077727,0.028372,0.023412,-1.003827,-8.412562,-0.069886,-0.213091,0.000051,0.000036
14:39:47.801,-3.969319,2.965033,-0.134979,-0.078790,0.028311,0.023516,-1.004286,-8.407903,-0.068130,-0.213769,0.000051,0.000036
14:39:47.901,-3.969904,2.965320,-0.134768,-0.078284,0.028272,0.023648,-1.004584,-8.408959,-0.068488,-0.213052,0.000051,0.000036
14:39:48.058,-3.970996,2.967079,-0.135111,-0.078164,0.028315,0.023733,-1.003917,-8.412415,-0.069048,-0.213275,0.000051,0.000036
14:39:48.101,-3.971481,2.967247,-0.135470,-0.078424,0.028179,0.023540,-1.004234,-8.413208,-0.069169,-0.213894,0.000051,0.000036
14:39:48.201,-3.971468,2.966679,-0.135774,-0.077796,0.028221,0.023125,-1.004789,-8.412503,-0.070299,-0.213570,0.000051,0.000036
14:39:48.337,-3.971208,2.966736,-0.135883,-0.076989,0.028517,0.023037,-1.004471,-8.412257,-0.071409,-0.212872,0.000051,0.000036
14:39:48.401,-3.970266,2.966557,-0.135326,-0.077019,0.028721,0.023506,-1.003709,-8.410898,-0.070698,-0.212345,0.000051,0.000036
14:39:48.538,-3.970934,2.966810,-0.134571,-0.076437,0.028588,0.024076,-1.004124,-8.412014,-0.070487,-0.211008,0.000051,0.000036
14:39:48.601,-3.971812,2.967399,-0.134529,-0.076014,0.028370,0.024003,-1.004413,-8.413793,-0.070949,-0.210543,0.000051,0.000036
14:39:48.701,-3.971970,2.967101,-0.134847,-0.075864,0.028394,0.023890,-1.004869,-8.413624,-0.071517,-0.210711,0.000051,0.000036
14:39:48.801,-3.971995,2.966511,-0.135157,-0.077518,0.028215,0.024051,-1.005485,-8.412939,-0.069887,-0.212676,0.000051,0.000036
14:39:48.901,-3.971276,2.966717,-0.135423,-0.078849,0.028391,0.023743,-1.004559,-8.412316,-0.068596,-0.214272,0.000051,0.000036
14:39:49.038,-3.969873,2.965818,-0.134949,-0.079083,0.028409,0.023525,-1.004056,-8.409526,-0.067737,-0.214032,0.000051,0.000036
14:39:49.101,-3.970522,2.965791,-0.134679,-0.079057,0.028236,0.023762,-1.004732,-8.410279,-0.067441,-0.213735,0.000051,0.000036
14:39:49.201,-3.971939,2.967023,-0.134881,-0.078926,0.028194,0.023883,-1.004916,-8.413492,-0.067846,-0.213807,0.000051,0.000036
14:39:49.303,-3.972062,2.967438,-0.135181,-0.078616,0.028199,0.023857,-1.004624,-8.414144,-0.068585,-0.213798,0.000051,0.000036
14:39:49.401,-3.971304,2.966825,-0.135084,-0.078915,0.028296,0.024045,-1.004479,-8.412482,-0.068105,-0.213999,0.000051,0.000036
14:39:49.581,-3.970887,2.966186,-0.134689,-0.078401,0.028258,0.024308,-1.004701,-8.411201,-0.068249,-0.213090,0.000051,0.000036
14:39:49.601,-3.970964,2.966133,-0.134458,-0.077686,0.028397,0.024451,-1.004831,-8.411230,-0.068836,-0.212144,0.000051,0.000036
14:39:49.701,-3.970537,2.966108,-0.134673,-0.077672,0.028512,0.024254,-1.004430,-8.410682,-0.069113,-0.212345,0.000051,0.000036
14:39:49.801,-3.971795,2.967397,-0.135409,-0.076351,0.028339,0.023284,-1.004398,-8.413771,-0.071608,-0.211761,0.000051,0.000036
14:39:49.901,-3.971715,2.967416,-0.135454,-0.075841,0.028194,0.023031,-1.004299,-8.413697,-0.072280,-0.211295,0.000051,0.000036
14:39:50.038,-3.970959,2.966147,-0.135224,-0.077592,0.028171,0.023488,-1.004812,-8.411240,-0.069880,-0.212816,0.000051,0.000036
14:39:50.101,-3.970872,2.966468,-0.135146,-0.078220,0.028352,0.023350,-1.004403,-8.411525,-0.069024,-0.213366,0.000051,0.000036
14:39:50.201,-3.970630,2.966356,-0.135117,-0.077075,0.028562,0.023272,-1.004274,-8.411096,-0.070375,-0.212192,0.000051,0.000036
14:39:50.301,-3.971526,2.966074,-0.135001,-0.077334,0.028215,0.023162,-1.005452,-8.411840,-0.069921,-0.212335,0.000051,0.000036
14:39:50.401,-3.972205,2.967142,-0.134412,-0.077919,0.028111,0.023891,-1.005063,-8.413959,-0.068497,-0.212331,0.000051,0.000036
14:39:50.569,-3.971741,2.967627,-0.134104,-0.078396,0.028111,0.024096,-1.004114,-8.413984,-0.067546,-0.212500,0.000051,0.000036
14:39:50.601,-3.970860,2.967134,-0.134437,-0.077512,0.028188,0.023395,-1.003726,-8.412318,-0.069021,-0.211949,0.000051,0.000036
14:39:50.701,-3.970704,2.966740,-0.135245,-0.077638,0.028233,0.023296,-1.003964,-8.411651,-0.069849,-0.212883,0.000051,0.000036
14:39:50.848,-3.971066,2.965776,-0.135609,-0.079440,0.027971,0.023598,-1.005290,-8.410922,-0.068105,-0.215050,0.000051,0.000036
14:39:50.901,-3.971618,2.966406,-0.135585,-0.078143,0.027976,0.023343,-1.005213,-8.412355,-0.069648,-0.213728,0.000051,0.000036
14:39:51.038,-3.971989,2.966970,-0.134972,-0.076343,0.028031,0.023670,-1.005019,-8.413488,-0.071088,-0.211314,0.000051,0.000036
14:39:51.101,-3.971008,2.966632,-0.134634,-0.075682,0.028244,0.023558,-1.004376,-8.411888,-0.071479,-0.210316,0.000051,0.000036
14:39:51.201,-3.970674,2.966574,-0.134547,-0.075001,0.028270,0.023260,-1.004100,-8.411414,-0.072200,-0.209548,0.000051,0.000036
14:39:51.300,-3.970995,2.966187,-0.134452,-0.076002,0.028091,0.023914,-1.004808,-8.411334,-0.070872,-0.210454,0.000051,0.000036
14:39:51.400,-3.971398,2.966690,-0.134798,-0.076730,0.028087,0.023505,-1.004708,-8.412432,-0.070408,-0.211528,0.000051,0.000036
14:39:51.537,-3.971964,2.966928,-0.135170,-0.077679,0.028042,0.023838,-1.005036,-8.413407,-0.069708,-0.212850,0.000051,0.000036
14:39:51.600,-3.972152,2.966340,-0.135066,-0.078388,0.028076,0.024315,-1.005811,-8.412921,-0.068721,-0.213454,0.000051,0.000036
14:39:51.700,-3.970954,2.965956,-0.134881,-0.078586,0.028043,0.024256,-1.004998,-8.411004,-0.068258,-0.213467,0.000051,0.000036
14:39:51.813,-3.970961,2.966756,-0.135276,-0.078812,0.028047,0.024092,-1.004206,-8.411982,-0.068463,-0.214087,0.000051,0.000036
14:39:51.900,-3.971705,2.966354,-0.135687,-0.078613,0.027958,0.023464,-1.005351,-8.412397,-0.069202,-0.214299,0.000051,0.000036
14:39:52.085,-3.971230,2.966070,-0.135706,-0.078501,0.028041,0.023650,-1.005160,-8.411475,-0.069361,-0.214207,0.000051,0.000036
14:39:52.100,-3.970702,2.967040,-0.135247,-0.077753,0.028129,0.023593,-1.003662,-8.412011,-0.069711,-0.213001,0.000051,0.000036
14:39:52.200,-3.971080,2.966812,-0.134448,-0.076036,0.028061,0.023691,-1.004268,-8.412193,-0.070825,-0.210484,0.000051,0.000036
14:39:52.300,-3.970746,2.965786,-0.134039,-0.077049,0.028017,0.024196,-1.004961,-8.410545,-0.069101,-0.211088,0.000051,0.000036
14:39:52.400,-3.971018,2.966587,-0.134530,-0.078492,0.028101,0.024490,-1.004431,-8.411846,-0.067945,-0.213022,0.000051,0.000036
14:39:52.537,-3.971580,2.967522,-0.135269,-0.076946,0.028162,0.023661,-1.004058,-8.413662,-0.070717,-0.212215,0.000051,0.000036
14:39:52.600,-3.970679,2.966632,-0.135377,-0.076190,0.028148,0.023013,-1.004047,-8.411489,-0.071763,-0.211567,0.000051,0.000036
14:39:52.700,-3.971771,2.967260,-0.135291,-0.075729,0.028112,0.022780,-1.004511,-8.413575,-0.072220,-0.211020,0.000051,0.000036
14:39:52.800,-3.972305,2.967549,-0.135018,-0.074012,0.028169,0.022701,-1.004756,-8.414573,-0.073970,-0.209030,0.000051,0.000036
14:39:52.900,-3.970356,2.967237,-0.134554,-0.075204,0.028308,0.023490,-1.003119,-8.411832,-0.071962,-0.209758,0.000051,0.000036
14:39:53.060,-3.969953,2.967251,-0.134691,-0.076453,0.028205,0.023830,-1.002701,-8.411359,-0.070614,-0.211144,0.000051,0.000036
14:39:53.100,-3.970676,2.967071,-0.134599,-0.076263,0.028215,0.023618,-1.003605,-8.412017,-0.070732,-0.210862,0.000051,0.000036
14:39:53.200,-3.970702,2.966749,-0.134391,-0.075510,0.028174,0.023370,-1.003953,-8.411660,-0.071394,-0.209900,0.000051,0.000036
14:39:53.335,-3.970545,2.967396,-0.134200,-0.075978,0.028268,0.023940,-1.003149,-8.412253,-0.070595,-0.210178,0.000051,0.000036
14:39:53.400,-3.971050,2.967296,-0.134416,-0.076854,0.028094,0.023826,-1.003754,-8.412745,-0.069794,-0.211270,0.000051,0.000036
14:39:53.537,-3.970832,2.966567,-0.134909,-0.077890,0.027868,0.023711,-1.004265,-8.411597,-0.069136,-0.212799,0.000051,0.000036
14:39:53.600,-3.971571,2.967538,-0.135552,-0.077936,0.027965,0.023408,-1.004033,-8.413670,-0.069859,-0.213488,0.000051,0.000036
14:39:53.700,-3.971648,2.966542,-0.135654,-0.078318,0.027822,0.023803,-1.005106,-8.412556,-0.069520,-0.213972,0.000051,0.000036
14:39:53.800,-3.971555,2.966364,-0.135222,-0.078922,0.027885,0.024126,-1.005191,-8.412227,-0.068263,-0.214144,0.000051,0.000036
14:39:53.900,-3.971589,2.967555,-0.134546,-0.078958,0.028194,0.024355,-1.004034,-8.413712,-0.067400,-0.213504,0.000051,0.000036
14:39:54.037,-3.971767,2.967783,-0.134431,-0.078909,0.028236,0.024482,-1.003985,-8.414204,-0.067320,-0.213340,0.000051,0.000036
14:39:54.100,-3.971229,2.967526,-0.134462,-0.077344,0.028295,0.024106,-1.003702,-8.413241,-0.069256,-0.211806,0.000051,0.000036
14:39:54.200,-3.970170,2.966865,-0.134677,-0.076752,0.028617,0.023770,-1.003305,-8.411156,-0.070233,-0.211429,0.000051,0.000036
14:39:54.315,-3.971184,2.966895,-0.135184,-0.077909,0.028360,0.024088,-1.004289,-8.412421,-0.069446,-0.213092,0.000051,0.000036
14:39:54.400,-3.971803,2.966847,-0.134831,-0.079416,0.027910,0.024734,-1.004955,-8.413114,-0.067191,-0.214247,0.000051,0.000036
14:39:54.593,-3.971424,2.966062,-0.134798,-0.079442,0.027838,0.024665,-1.005363,-8.411702,-0.067119,-0.214239,0.000051,0.000036
14:39:54.600,-3.971336,2.966387,-0.135402,-0.077535,0.028007,0.023546,-1.004948,-8.411989,-0.070164,-0.212937,0.000051,0.000036
14:39:54.700,-3.971719,2.966877,-0.135802,-0.076668,0.028079,0.022581,-1.004842,-8.413047,-0.071701,-0.212470,0.000051,0.000036
14:39:54.800,-3.972374,2.967229,-0.135491,-0.077284,0.028083,0.023400,-1.005145,-8.414268,-0.070576,-0.212774,0.000051,0.000036
14:39:54.900,-3.971876,2.967548,-0.134254,-0.077270,0.028188,0.024739,-1.004327,-8.414051,-0.069093,-0.211524,0.000051,0.000036
14:39:55.037,-3.971540,2.966610,-0.133163,-0.077627,0.028100,0.025435,-1.004930,-8.412506,-0.067337,-0.210789,0.000051,0.000036
14:39:55.101,-3.971975,2.966624,-0.134020,-0.078400,0.028010,0.024896,-1.005351,-8.413051,-0.067439,-0.212420,0.000051,0.000036
14:39:55.201,-3.971733,2.966803,-0.135632,-0.078277,0.027813,0.023758,-1.004930,-8.412976,-0.069543,-0.213909,0.000051,0.000036
14:39:55.301,-3.970995,2.966771,-0.136201,-0.078181,0.028005,0.023302,-1.004224,-8.412040,-0.070349,-0.214382,0.000051,0.000036
14:39:55.401,-3.971381,2.967065,-0.135534,-0.077573,0.028230,0.023708,-1.004316,-8.412866,-0.070278,-0.213108,0.000051,0.000036
14:39:55.564,-3.970306,2.966230,-0.133817,-0.077296,0.028352,0.024655,-1.004075,-8.410550,-0.068531,-0.211113,0.000051,0.000036
14:39:55.601,-3.971960,2.967072,-0.133656,-0.076466,0.028234,0.024410,-1.004889,-8.413576,-0.069342,-0.210122,0.000051,0.000036
14:39:55.701,-3.971977,2.966483,-0.134859,-0.077084,0.028065,0.023736,-1.005494,-8.412882,-0.070052,-0.211942,0.000051,0.000036
14:39:55.843,-3.970156,2.964925,-0.135348,-0.077623,0.028283,0.023546,-1.005231,-8.408787,-0.069991,-0.212970,0.000051,0.000036
14:39:55.901,-3.972354,2.966964,-0.135313,-0.075229,0.028469,0.023043,-1.005390,-8.413923,-0.072851,-0.210542,0.000051,0.000036
14:39:56.038,-3.972629,2.967695,-0.134560,-0.073800,0.028359,0.023643,-1.004934,-8.415143,-0.073671,-0.208360,0.000051,0.000036
14:39:56.101,-3.970720,2.965849,-0.133429,-0.074303,0.028163,0.024358,-1.004872,-8.410590,-0.071690,-0.207732,0.000051,0.000036
14:39:56.201,-3.972528,2.967060,-0.134545,-0.074416,0.028146,0.023701,-1.005468,-8.414250,-0.072907,-0.208961,0.000052,0.000036
14:39:56.301,-3.973433,2.968461,-0.136145,-0.076552,0.028126,0.023166,-1.004972,-8.417046,-0.072256,-0.212697,0.000053,0.000036
14:39:56.401,-3.970155,2.965834,-0.135879,-0.076824,0.028085,0.023482,-1.004321,-8.409886,-0.071604,-0.212703,0.000054,0.000036
14:39:56.538,-3.969993,2.965101,-0.134891,-0.075394,0.028241,0.023784,-1.004893,-8.408802,-0.072139,-0.210285,0.000054,0.000036
14:39:56.601,-3.971745,2.966821,-0.134632,-0.077163,0.028168,0.023681,-1.004924,-8.413012,-0.069681,-0.211795,0.000054,0.000036
14:39:56.701,-3.971077,2.967290,-0.134567,-0.076442,0.028160,0.023486,-1.003787,-8.412769,-0.070476,-0.211010,0.000053,0.000036
14:39:56.812,-3.971297,2.966921,-0.134589,-0.075548,0.028076,0.023559,-1.004376,-8.412589,-0.071587,-0.210136,0.000052,0.000036
14:39:56.901,-3.971742,2.966499,-0.134827,-0.075606,0.027975,0.023519,-1.005243,-8.412616,-0.071805,-0.210433,0.000051,0.000036
14:39:57.093,-3.969662,2.965683,-0.134704,-0.076529,0.028200,0.023559,-1.003978,-8.409106,-0.070536,-0.211233,0.000051,0.000036
14:39:57.101,-3.969246,2.965954,-0.134043,-0.077516,0.028250,0.023760,-1.003292,-8.408930,-0.068539,-0.211559,0.000051,0.000036
14:39:57.201,-3.971772,2.966771,-0.134352,-0.077946,0.027970,0.024236,-1.005001,-8.412983,-0.068392,-0.212298,0.000051,0.000036
14:39:57.301,-3.972637,2.966925,-0.134861,-0.077962,0.027992,0.023769,-1.005712,-8.414219,-0.068990,-0.212822,0.000051,0.000036
14:39:57.401,-3.971204,2.965858,-0.135317,-0.077659,0.028026,0.023457,-1.005345,-8.411188,-0.069911,-0.212976,0.000051,0.000036
14:39:57.538,-3.971758,2.966396,-0.135965,-0.079021,0.027869,0.023351,-1.005362,-8.412512,-0.069045,-0.214986,0.000052,0.000036
14:39:57.601,-3.971345,2.966221,-0.135187,-0.078015,0.027979,0.023692,-1.005124,-8.411799,-0.069321,-0.213202,0.000053,0.000036
14:39:57.701,-3.971469,2.966157,-0.134083,-0.076114,0.028089,0.023968,-1.005312,-8.411871,-0.070287,-0.210197,0.000053,0.000036
14:39:57.801,-3.971229,2.967029,-0.133825,-0.075852,0.027953,0.023967,-1.004200,-8.412638,-0.070293,-0.209677,0.000052,0.000036
14:39:57.901,-3.970794,2.966504,-0.133726,-0.077416,0.027770,0.024063,-1.004289,-8.411474,-0.068276,-0.211142,0.000051,0.000036
14:39:58.065,-3.971434,2.966827,-0.134794,-0.078153,0.027809,0.023738,-1.004607,-8.412641,-0.068678,-0.212947,0.000052,0.000036
14:39:58.101,-3.971952,2.967504,-0.136426,-0.078766,0.027941,0.022498,-1.004448,-8.414091,-0.069913,-0.215192,0.000053,0.000036
14:39:58.201,-3.970580,2.966096,-0.136525,-0.078482,0.027903,0.022282,-1.004484,-8.410720,-0.070376,-0.215007,0.000053,0.000036
14:39:58.345,-3.971067,2.966495,-0.134811,-0.076947,0.027865,0.023304,-1.004572,-8.411794,-0.070161,-0.211758,0.000052,0.000036
14:39:58.401,-3.971851,2.967207,-0.132934,-0.079042,0.027917,0.025330,-1.004644,-8.413608,-0.065345,-0.211976,0.000051,0.000036
14:39:58.538,-3.971184,2.966822,-0.133916,-0.080256,0.027851,0.025157,-1.004362,-8.412332,-0.065062,-0.214172,0.000051,0.000036
14:39:58.601,-3.969704,2.965118,-0.135304,-0.079317,0.027767,0.023738,-1.004587,-8.408471,-0.067885,-0.214621,0.000051,0.000036
14:39:58.701,-3.971903,2.967192,-0.136345,-0.079431,0.027942,0.022982,-1.004710,-8.413653,-0.069008,-0.215777,0.000051,0.000036
14:39:58.801,-3.974120,2.967902,-0.135479,-0.080237,0.027874,0.023633,-1.006218,-8.417201,-0.066980,-0.215716,0.000051,0.000036
14:39:58.901,-3.971213,2.965258,-0.133849,-0.080784,0.028032,0.025222,-1.005955,-8.410472,-0.064341,-0.214633,0.000051,0.000036
14:39:59.038,-3.970791,2.965364,-0.134213,-0.079481,0.028035,0.024537,-1.005427,-8.410088,-0.066363,-0.213694,0.000051,0.000036
14:39:59.101,-3.971423,2.966555,-0.134832,-0.077024,0.028145,0.023569,-1.004867,-8.412298,-0.070093,-0.211857,0.000051,0.000036
14:39:59.201,-3.969884,2.966682,-0.135062,-0.077575,0.028262,0.024327,-1.003201,-8.410586,-0.069702,-0.212637,0.000052,0.000036
14:39:59.311,-3.970220,2.966954,-0.135294,-0.077400,0.028164,0.024159,-1.003266,-8.411323,-0.070196,-0.212693,0.000053,0.000036
14:39:59.401,-3.971926,2.968366,-0.134672,-0.075797,0.028209,0.023914,-1.003560,-8.415104,-0.071386,-0.210469,0.000054,0.000036
14:39:59.588,-3.971144,2.967437,-0.133714,-0.074758,0.028226,0.024101,-1.003707,-8.413030,-0.071485,-0.208472,0.000053,0.000036
14:39:59.601,-3.970404,2.966013,-0.134453,-0.075853,0.027964,0.023874,-1.004391,-8.410406,-0.071052,-0.210306,0.000052,0.000036
14:39:59.701,-3.971621,2.966844,-0.135823,-0.078323,0.028111,0.023294,-1.004777,-8.412888,-0.069719,-0.214145,0.000051,0.000036
14:39:59.801,-3.971379,2.967063,-0.136094,-0.078151,0.028276,0.022694,-1.004316,-8.412860,-0.070255,-0.214245,0.000051,0.000036
14:39:59.901,-3.970726,2.967101,-0.135046,-0.076338,0.028129,0.023268,-1.003625,-8.412116,-0.071184,-0.211384,0.000051,0.000036
14:40:00.038,-3.971943,2.967889,-0.134183,-0.075524,0.028096,0.024169,-1.004054,-8.414547,-0.071124,-0.209708,0.000051,0.000036
14:40:00.101,-3.970700,2.967117,-0.134326,-0.075072,0.027986,0.023651,-1.003582,-8.412103,-0.071846,-0.209398,0.000051,0.000036
14:40:00.201,-3.970364,2.966766,-0.135638,-0.075686,0.028015,0.022910,-1.003598,-8.411271,-0.072691,-0.211324,0.000051,0.000036
14:40:00.301,-3.972198,2.967663,-0.136696,-0.076480,0.027973,0.022386,-1.004535,-8.414581,-0.073012,-0.213176,0.000051,0.000036
14:40:00.401,-3.973188,2.968177,-0.135956,-0.078926,0.027842,0.023431,-1.005011,-8.416404,-0.069148,-0.214882,0.000051,0.000036
14:40:00.563,-3.972870,2.967957,-0.134641,-0.081044,0.027906,0.024102,-1.004913,-8.415752,-0.064986,-0.215684,0.000051,0.000036
14:40:00.601,-3.970523,2.966642,-0.133197,-0.080949,0.028146,0.024921,-1.003881,-8.411311,-0.063350,-0.214146,0.000051,0.000036
14:40:00.701,-3.970298,2.966083,-0.133369,-0.080553,0.028082,0.025284,-1.004214,-8.410362,-0.064039,-0.213922,0.000052,0.000036
14:40:00.843,-3.971387,2.966716,-0.134991,-0.080366,0.027839,0.024176,-1.004671,-8.412450,-0.066233,-0.215357,0.000053,0.000036
14:40:00.901,-3.970704,2.966566,-0.136217,-0.080031,0.027714,0.023404,-1.004138,-8.411441,-0.068126,-0.216248,0.000054,0.000036
14:40:01.038,-3.971006,2.966859,-0.135892,-0.080187,0.027619,0.023593,-1.004147,-8.412162,-0.067541,-0.216079,0.000054,0.000036
14:40:01.101,-3.971793,2.967461,-0.134875,-0.080181,0.027759,0.024530,-1.004332,-8.413845,-0.066316,-0.215056,0.000054,0.000036
14:40:01.201,-3.971411,2.967216,-0.133978,-0.080046,0.028028,0.025430,-1.004195,-8.413085,-0.065392,-0.214024,0.000054,0.000036
14:40:01.301,-3.969216,2.965810,-0.133868,-0.078854,0.028219,0.025066,-1.003407,-8.408719,-0.066704,-0.212722,0.000054,0.000036
14:40:01.401,-3.969623,2.965843,-0.135149,-0.079271,0.028164,0.024325,-1.003780,-8.409252,-0.067752,-0.214420,0.000054,0.000036
14:40:01.538,-3.971564,2.966911,-0.136744,-0.080063,0.028066,0.023528,-1.004654,-8.412901,-0.068725,-0.216807,0.000053,0.000036
14:40:01.601,-3.972191,2.967297,-0.136095,-0.080350,0.028214,0.023364,-1.004893,-8.414129,-0.067591,-0.216445,0.000052,0.000036
14:40:01.701,-3.971912,2.966771,-0.134333,-0.080383,0.028338,0.024765,-1.005141,-8.413154,-0.065414,-0.214717,0.000052,0.000036
14:40:01.812,-3.970830,2.965964,-0.133901,-0.080011,0.028295,0.025184,-1.004866,-8.410863,-0.065342,-0.213911,0.000053,0.000036
14:40:01.901,-3.969782,2.965611,-0.135008,-0.078761,0.028254,0.023864,-1.004171,-8.409164,-0.068200,-0.213769,0.000054,0.000036
14:40:02.090,-3.970323,2.966443,-0.136046,-0.077714,0.028270,0.023209,-1.003880,-8.410829,-0.070728,-0.213761,0.000054,0.000036
14:40:02.101,-3.970912,2.967075,-0.135697,-0.076882,0.028317,0.023008,-1.003837,-8.412309,-0.071313,-0.212579,0.000054,0.000036
14:40:02.201,-3.971920,2.967998,-0.135536,-0.077868,0.028272,0.023254,-1.003921,-8.414650,-0.069922,-0.213404,0.000054,0.000036
14:40:02.301,-3.971785,2.967414,-0.135041,-0.078637,0.028420,0.023730,-1.004371,-8.413779,-0.068390,-0.213678,0.000054,0.000036
14:40:02.401,-3.970299,2.966080,-0.134315,-0.079055,0.028432,0.024358,-1.004219,-8.410360,-0.067002,-0.213370,0.000054,0.000036
14:40:02.538,-3.969874,2.965696,-0.133653,-0.079722,0.028348,0.024694,-1.004178,-8.409379,-0.065391,-0.213374,0.000053,0.000036
14:40:02.601,-3.969904,2.965117,-0.133884,-0.078393,0.028293,0.024117,-1.004787,-8.408712,-0.067284,-0.212277,0.000052,0.000036
14:40:02.701,-3.972551,2.967583,-0.135286,-0.076742,0.028115,0.022655,-1.004968,-8.414912,-0.070984,-0.212028,0.000052,0.000036
14:40:02.801,-3.972780,2.968066,-0.135924,-0.076437,0.028098,0.022473,-1.004715,-8.415776,-0.072128,-0.212360,0.000053,0.000036
14:40:02.901,-3.970465,2.965945,-0.135786,-0.077035,0.028212,0.023147,-1.004521,-8.410398,-0.071235,-0.212821,0.000054,0.000036
14:40:03.067,-3.969779,2.966343,-0.135825,-0.077376,0.028230,0.023448,-1.003436,-8.410048,-0.070869,-0.213200,0.000053,0.000036
14:40:03.101,-3.971478,2.968074,-0.135021,-0.075244,0.028271,0.023133,-1.003405,-8.414207,-0.072479,-0.210265,0.000052,0.000036
14:40:03.201,-3.972904,2.968328,-0.134013,-0.075892,0.028207,0.023844,-1.004575,-8.416244,-0.070471,-0.209905,0.000051,0.000036
14:40:03.346,-3.971850,2.966597,-0.134026,-0.076710,0.028347,0.024178,-1.005253,-8.412868,-0.069496,-0.210736,0.000051,0.000036
14:40:03.401,-3.970282,2.966264,-0.135355,-0.076362,0.028591,0.023479,-1.004018,-8.410561,-0.071529,-0.211717,0.000051,0.000036
14:40:03.538,-3.970263,2.966754,-0.136226,-0.076954,0.028443,0.023061,-1.003509,-8.411134,-0.071867,-0.213180,0.000051,0.000036
14:40:03.601,-3.972266,2.967591,-0.135692,-0.076612,0.028109,0.023162,-1.004675,-8.414576,-0.071635,-0.212304,0.000051,0.000036
14:40:03.701,-3.971461,2.965792,-0.133843,-0.076513,0.028007,0.024152,-1.005668,-8.411419,-0.069512,-0.210356,0.000051,0.000036
14:40:03.801,-3.971711,2.965499,-0.133411,-0.075835,0.028306,0.023986,-1.006212,-8.411367,-0.069810,-0.209246,0.000051,0.000036
14:40:03.901,-3.972816,2.966924,-0.135104,-0.076209,0.028195,0.023328,-1.005893,-8.414435,-0.071410,-0.211314,0.000051,0.000036
14:40:04.038,-3.971895,2.966814,-0.136717,-0.077711,0.028030,0.022631,-1.005082,-8.413185,-0.071544,-0.214428,0.000052,0.000036
14:40:04.108,-3.971517,2.966933,-0.137008,-0.078085,0.028036,0.022635,-1.004584,-8.412870,-0.071444,-0.215093,0.000053,0.000036
14:40:04.201,-3.971176,2.967205,-0.135058,-0.077783,0.028042,0.023571,-1.003971,-8.412786,-0.069446,-0.212841,0.000053,0.000036
14:40:04.312,-3.970360,2.966277,-0.132873,-0.079019,0.028189,0.024826,-1.004082,-8.410673,-0.065297,-0.211892,0.000052,0.000036
14:40:04.401,-3.971127,2.966497,-0.133152,-0.079570,0.028244,0.025301,-1.004630,-8.411869,-0.064968,-0.212722,0.000051,0.000036
14:40:04.591,-3.972891,2.967881,-0.135846,-0.077383,0.028272,0.023329,-1.005010,-8.415685,-0.070886,-0.213229,0.000052,0.000036
14:40:04.601,-3.971810,2.966576,-0.137544,-0.076409,0.028054,0.022114,-1.005233,-8.412793,-0.074127,-0.213952,0.000053,0.000036
14:40:04.701,-3.971729,2.966344,-0.136657,-0.077170,0.027733,0.023222,-1.005385,-8.412413,-0.072128,-0.213827,0.000054,0.000036
14:40:04.801,-3.970881,2.966024,-0.134302,-0.076878,0.027944,0.024153,-1.004857,-8.410997,-0.069627,-0.211180,0.000054,0.000036
14:40:04.901,-3.970213,2.965900,-0.133153,-0.077165,0.028132,0.024455,-1.004313,-8.410037,-0.067885,-0.210318,0.000054,0.000036
14:40:05.038,-3.970956,2.966117,-0.134161,-0.077491,0.028085,0.024195,-1.004839,-8.411202,-0.068713,-0.211652,0.000053,0.000036
14:40:05.101,-3.972364,2.966943,-0.136126,-0.076918,0.027809,0.023020,-1.005421,-8.413909,-0.071790,-0.213044,0.000052,0.000036
14:40:05.201,-3.971583,2.966856,-0.136615,-0.076534,0.027756,0.022768,-1.004727,-8.412857,-0.072849,-0.213150,0.000052,0.000036
14:40:05.301,-3.971764,2.967128,-0.135479,-0.076425,0.028084,0.023237,-1.004636,-8.413406,-0.071604,-0.211904,0.000053,0.000036
14:40:05.401,-3.971495,2.966941,-0.134293,-0.076562,0.028172,0.024570,-1.004554,-8.412854,-0.069999,-0.210855,0.000054,0.000036
14:40:05.562,-3.970113,2.965272,-0.134098,-0.077384,0.027926,0.025022,-1.004840,-8.409155,-0.068766,-0.211481,0.000053,0.000036
14:40:05.601,-3.971428,2.965883,-0.135333,-0.078700,0.027673,0.024359,-1.005544,-8.411490,-0.068668,-0.214034,0.000052,0.000036
14:40:05.701,-3.972680,2.967199,-0.136455,-0.079010,0.027802,0.023509,-1.005481,-8.414603,-0.069653,-0.215465,0.000051,0.000036
14:40:05.841,-3.973019,2.967126,-0.136195,-0.079091,0.027731,0.024100,-1.005893,-8.414926,-0.069238,-0.215286,0.000051,0.000036
14:40:05.901,-3.972093,2.966160,-0.134526,-0.079057,0.027785,0.024892,-1.005933,-8.412633,-0.067256,-0.213583,0.000051,0.000036
14:40:06.038,-3.971623,2.966602,-0.133698,-0.079629,0.028031,0.025293,-1.005021,-8.412599,-0.065558,-0.213327,0.000051,0.000036
14:40:06.101,-3.969836,2.966032,-0.134065,-0.080477,0.028142,0.025354,-1.003804,-8.409739,-0.064976,-0.214542,0.000051,0.000036
14:40:06.201,-3.970576,2.966333,-0.135632,-0.079502,0.028155,0.024188,-1.004243,-8.411002,-0.068058,-0.215134,0.000051,0.000036
14:40:06.301,-3.972808,2.967278,-0.136801,-0.078880,0.027858,0.023536,-1.005530,-8.414854,-0.070229,-0.215680,0.000051,0.000036
14:40:06.401,-3.972090,2.967565,-0.136085,-0.079199,0.027899,0.024163,-1.004525,-8.414332,-0.068975,-0.215284,0.000051,0.000036
14:40:06.538,-3.971275,2.966924,-0.134862,-0.079222,0.028099,0.024206,-1.004351,-8.412567,-0.067463,-0.214083,0.000051,0.000036
14:40:06.601,-3.971026,2.965803,-0.134394,-0.078085,0.028035,0.024054,-1.005222,-8.410905,-0.068275,-0.212479,0.000051,0.000036
14:40:06.701,-3.970313,2.965423,-0.134763,-0.076721,0.027767,0.023806,-1.004889,-8.409579,-0.070377,-0.211484,0.000052,0.000036
14:40:06.810,-3.970012,2.965680,-0.135610,-0.077035,0.027735,0.023610,-1.004332,-8.409526,-0.071022,-0.212645,0.000053,0.000036
14:40:06.901,-3.971751,2.967196,-0.135872,-0.078393,0.027809,0.023806,-1.004554,-8.413474,-0.069694,-0.214265,0.000054,0.000036
14:40:07.088,-3.971623,2.967325,-0.134558,-0.077216,0.027777,0.023849,-1.004298,-8.413474,-0.069527,-0.211775,0.000053,0.000036
14:40:07.101,-3.970553,2.966186,-0.133643,-0.075250,0.027914,0.024389,-1.004367,-8.410796,-0.070801,-0.208893,0.000052,0.000036
14:40:07.201,-3.970206,2.965895,-0.134492,-0.076267,0.028239,0.024678,-1.004311,-8.410022,-0.070598,-0.210759,0.000052,0.000036
14:40:07.301,-3.969747,2.965800,-0.135929,-0.079009,0.028087,0.024343,-1.003947,-8.409350,-0.069016,-0.214938,0.000053,0.000036
14:40:07.401,-3.970521,2.966483,-0.136575,-0.079937,0.027930,0.023990,-1.004038,-8.411117,-0.068674,-0.216511,0.000054,0.000036
14:40:07.538,-3.971968,2.967332,-0.136092,-0.079485,0.027777,0.023962,-1.004636,-8.413902,-0.068636,-0.215578,0.000054,0.000036
14:40:07.601,-3.971919,2.967042,-0.134873,-0.078572,0.027764,0.024471,-1.004877,-8.413491,-0.068265,-0.213445,0.000054,0.000036
14:40:07.701,-3.971044,2.965638,-0.134267,-0.079236,0.027692,0.025053,-1.005406,-8.410726,-0.066725,-0.213503,0.000054,0.000036
14:40:07.801,-3.971168,2.964967,-0.134587,-0.080024,0.027923,0.024907,-1.006201,-8.410064,-0.066157,-0.214611,0.000054,0.000036
14:40:07.901,-3.971009,2.966045,-0.134996,-0.078234,0.028012,0.024356,-1.004964,-8.411178,-0.068824,-0.213230,0.000054,0.000036
14:40:08.071,-3.971838,2.967251,-0.135583,-0.077178,0.027994,0.024091,-1.004587,-8.413645,-0.070816,-0.212761,0.000054,0.000036
14:40:08.101,-3.972421,2.967209,-0.135777,-0.077299,0.027976,0.023840,-1.005212,-8.414301,-0.070905,-0.213076,0.000054,0.000036
14:40:08.201,-3.971746,2.966574,-0.135297,-0.078788,0.027891,0.024648,-1.005172,-8.412712,-0.068517,-0.214085,0.000054,0.000036
14:40:08.301,-3.971017,2.966061,-0.134880,-0.079986,0.027923,0.025066,-1.004955,-8.411207,-0.066559,-0.214866,0.000054,0.000036
14:40:08.401,-3.971027,2.966654,-0.134894,-0.079697,0.028176,0.024658,-1.004373,-8.411939,-0.066926,-0.214591,0.000054,0.000036
14:40:08.538,-3.971168,2.966745,-0.134977,-0.079643,0.028393,0.024861,-1.004423,-8.412220,-0.067093,-0.214620,0.000054,0.000036
14:40:08.601,-3.971439,2.966319,-0.134706,-0.079723,0.028203,0.025166,-1.005120,-8.412032,-0.066666,-0.214429,0.000054,0.000036
14:40:08.701,-3.972630,2.967113,-0.134247,-0.080088,0.027915,0.025498,-1.005518,-8.414438,-0.065667,-0.214335,0.000054,0.000036
14:40:08.800,-3.972038,2.967513,-0.134013,-0.078762,0.027729,0.025169,-1.004525,-8.414206,-0.066992,-0.212775,0.000054,0.000036
14:40:08.900,-3.971423,2.967748,-0.134347,-0.075821,0.027769,0.023831,-1.003675,-8.413746,-0.070963,-0.210168,0.000054,0.000036
14:40:09.057,-3.970469,2.966797,-0.135316,-0.076139,0.028033,0.023204,-1.003672,-8.411434,-0.071752,-0.211455,0.000054,0.000036
14:40:09.100,-3.970788,2.966365,-0.135938,-0.077080,0.028073,0.023379,-1.004423,-8.411298,-0.071366,-0.213017,0.000054,0.000036
14:40:09.200,-3.972907,2.967130,-0.135461,-0.077055,0.027829,0.024038,-1.005777,-8.414796,-0.070817,-0.212517,0.000054,0.000036
14:40:09.337,-3.973334,2.967056,-0.134543,-0.078008,0.027708,0.024876,-1.006278,-8.415223,-0.068549,-0.212550,0.000054,0.000036
14:40:09.400,-3.971238,2.965890,-0.134391,-0.078412,0.027851,0.025377,-1.005348,-8.411269,-0.067875,-0.212802,0.000054,0.000036
14:40:09.537,-3.970899,2.966021,-0.135005,-0.078061,0.028101,0.025034,-1.004878,-8.411016,-0.069045,-0.213066,0.000054,0.000036
14:40:09.600,-3.971680,2.966026,-0.135321,-0.078457,0.027948,0.024281,-1.005654,-8.411969,-0.068948,-0.213779,0.000054,0.000036
14:40:09.700,-3.970752,2.966125,-0.134975,-0.078563,0.027886,0.024363,-1.004627,-8.410964,-0.068399,-0.213538,0.000054,0.000036
14:40:09.800,-3.971597,2.967910,-0.134110,-0.077277,0.028085,0.024675,-1.003687,-8.414151,-0.068910,-0.211387,0.000054,0.000036
14:40:09.900,-3.972214,2.968465,-0.134011,-0.077884,0.028217,0.025172,-1.003749,-8.415574,-0.068054,-0.211895,0.000054,0.000036
14:40:10.037,-3.971281,2.966788,-0.135150,-0.077640,0.028020,0.024059,-1.004493,-8.412410,-0.069732,-0.212790,0.000054,0.000036
14:40:10.100,-3.970646,2.965981,-0.135901,-0.076854,0.028024,0.023264,-1.004665,-8.410660,-0.071595,-0.212755,0.000054,0.000036
14:40:10.200,-3.970995,2.966884,-0.136052,-0.075968,0.028266,0.023274,-1.004111,-8.412178,-0.072851,-0.212020,0.000054,0.000036
14:40:10.312,-3.972043,2.967210,-0.134887,-0.075999,0.028319,0.023754,-1.004833,-8.413843,-0.071402,-0.210885,0.000054,0.000036
14:40:10.400,-3.972522,2.967188,-0.133948,-0.077779,0.028176,0.024637,-1.005334,-8.414399,-0.068105,-0.211726,0.000054,0.000036
14:40:10.589,-3.971055,2.967108,-0.134048,-0.079002,0.027880,0.025226,-1.003947,-8.412523,-0.066743,-0.213050,0.000054,0.000036
14:40:10.600,-3.970124,2.966409,-0.134811,-0.078799,0.027865,0.024787,-1.003715,-8.410547,-0.067915,-0.213609,0.000054,0.000036
14:40:10.700,-3.970610,2.966168,-0.135341,-0.079098,0.028127,0.024308,-1.004443,-8.410844,-0.068195,-0.214439,0.000053,0.000036
14:40:10.800,-3.971114,2.966555,-0.135326,-0.078863,0.028000,0.024260,-1.004558,-8.411924,-0.068460,-0.214189,0.000052,0.000036
14:40:10.900,-3.970916,2.967141,-0.134977,-0.078063,0.027982,0.024608,-1.003775,-8.412394,-0.069009,-0.213040,0.000051,0.000036
14:40:11.037,-3.970565,2.967121,-0.134895,-0.076765,0.028209,0.023982,-1.003444,-8.411945,-0.070483,-0.211660,0.000051,0.000036
14:40:11.100,-3.971600,2.967582,-0.135482,-0.076450,0.028357,0.023511,-1.004018,-8.413758,-0.071577,-0.211932,0.000051,0.000036
14:40:11.200,-3.970833,2.967222,-0.135629,-0.077109,0.028201,0.023918,-1.003611,-8.412392,-0.070955,-0.212739,0.000052,0.000036
14:40:11.300,-3.970030,2.966385,-0.135530,-0.076642,0.028061,0.023834,-1.003645,-8.410404,-0.071402,-0.212172,0.000053,0.000036
14:40:11.400,-3.971030,2.966882,-0.134957,-0.075653,0.027875,0.023470,-1.004148,-8.412218,-0.071906,-0.210611,0.000054,0.000036
14:40:11.561,-3.972330,2.967621,-0.134001,-0.074849,0.027898,0.023815,-1.004709,-8.414690,-0.071721,-0.208850,0.000054,0.000036
14:40:11.600,-3.971309,2.967212,-0.133803,-0.075300,0.027949,0.024234,-1.004097,-8.412956,-0.070935,-0.209102,0.000054,0.000036
14:40:11.700,-3.971076,2.966581,-0.134927,-0.075714,0.027721,0.023723,-1.004495,-8.411909,-0.071796,-0.210642,0.000054,0.000036
14:40:11.839,-3.972119,2.965848,-0.135907,-0.075937,0.027604,0.023557,-1.006271,-8.412285,-0.072714,-0.211844,0.000054,0.000036
14:40:11.900,-3.972563,2.965879,-0.136099,-0.075515,0.027741,0.023597,-1.006684,-8.412861,-0.073457,-0.211614,0.000054,0.000036
14:40:12.037,-3.972322,2.966876,-0.135531,-0.076216,0.028007,0.023962,-1.005445,-8.413778,-0.071919,-0.211747,0.000054,0.000036
14:40:12.100,-3.971108,2.967128,-0.134478,-0.076581,0.028031,0.024886,-1.003980,-8.412612,-0.070201,-0.211059,0.000054,0.000036
14:40:12.200,-3.970739,2.966097,-0.134357,-0.076816,0.027925,0.024964,-1.004642,-8.410913,-0.069769,-0.211173,0.000054,0.000036
14:40:12.300,-3.971245,2.966575,-0.135368,-0.076863,0.028124,0.024004,-1.004669,-8.412107,-0.070936,-0.212231,0.000054,0.000036
14:40:12.400,-3.971165,2.966882,-0.135757,-0.076959,0.028213,0.024005,-1.004283,-8.412382,-0.071292,-0.212716,0.000054,0.000036
14:40:12.538,-3.970798,2.966680,-0.134985,-0.078042,0.027925,0.025216,-1.004119,-8.411692,-0.069044,-0.213026,0.000054,0.000036
14:40:12.601,-3.971537,2.966262,-0.134432,-0.078347,0.027913,0.025410,-1.005275,-8.412081,-0.068003,-0.212780,0.000054,0.000036
14:40:12.701,-3.972316,2.966156,-0.134656,-0.077367,0.028102,0.024759,-1.006160,-8.412898,-0.069462,-0.212023,0.000054,0.000036
14:40:12.812,-3.971648,2.966058,-0.135314,-0.077136,0.028281,0.024305,-1.005590,-8.411969,-0.070540,-0.212450,0.000054,0.000036
14:40:12.901,-3.971715,2.966208,-0.135831,-0.076493,0.028078,0.024194,-1.005508,-8.412232,-0.071947,-0.212323,0.000054,0.000036
14:40:13.090,-3.971374,2.966107,-0.135802,-0.075013,0.027837,0.023949,-1.005267,-8.411696,-0.073707,-0.210815,0.000054,0.000036
14:40:13.101,-3.971494,2.966196,-0.135140,-0.075415,0.027885,0.024478,-1.005298,-8.411950,-0.072416,-0.210554,0.000054,0.000036
14:40:13.201,-3.971627,2.966473,-0.134324,-0.077049,0.028179,0.024960,-1.005154,-8.412446,-0.069446,-0.211374,0.000054,0.000036
14:40:13.301,-3.971842,2.967013,-0.134271,-0.078566,0.028073,0.025252,-1.004829,-8.413362,-0.067543,-0.212837,0.000054,0.000036
14:40:13.401,-3.970822,2.966621,-0.134719,-0.077750,0.028042,0.024712,-1.004201,-8.411650,-0.069075,-0.212468,0.000054,0.000036
14:40:13.538,-3.970457,2.965653,-0.135432,-0.077184,0.028111,0.024181,-1.004805,-8.410034,-0.070625,-0.212616,0.000054,0.000036
14:40:13.601,-3.971614,2.966227,-0.135791,-0.076236,0.027967,0.024222,-1.005387,-8.412133,-0.072210,-0.212027,0.000054,0.000036
14:40:13.701,-3.971513,2.966410,-0.135349,-0.075660,0.027994,0.024075,-1.005103,-8.412232,-0.072373,-0.211009,0.000054,0.000036
14:40:13.801,-3.971834,2.966952,-0.134968,-0.076565,0.027836,0.024674,-1.004882,-8.413279,-0.070814,-0.211533,0.000054,0.000036
14:40:13.901,-3.972404,2.967641,-0.135178,-0.078096,0.027802,0.025049,-1.004763,-8.414804,-0.069212,-0.213273,0.000054,0.000036
14:40:14.069,-3.971725,2.966831,-0.135712,-0.078667,0.027929,0.024614,-1.004894,-8.412999,-0.069167,-0.214378,0.000054,0.000036
14:40:14.101,-3.971188,2.965976,-0.135599,-0.078410,0.027995,0.024416,-1.005212,-8.411311,-0.069342,-0.214009,0.000054,0.000036
14:40:14.201,-3.972159,2.967731,-0.134827,-0.077180,0.027952,0.024880,-1.004428,-8.414618,-0.069897,-0.212007,0.000054,0.000036
14:40:14.347,-3.971605,2.967617,-0.133967,-0.077132,0.027994,0.025873,-1.003988,-8.413806,-0.068913,-0.211100,0.000054,0.000036
14:40:14.401,-3.970742,2.966885,-0.134249,-0.077015,0.028245,0.025476,-1.003857,-8.411873,-0.069396,-0.211265,0.000054,0.000036
14:40:14.538,-3.971188,2.967747,-0.135690,-0.076230,0.028535,0.024200,-1.003441,-8.413458,-0.072095,-0.211921,0.000054,0.000036
14:40:14.601,-3.970599,2.967448,-0.136627,-0.077286,0.028508,0.024038,-1.003151,-8.412382,-0.071951,-0.213913,0.000054,0.000036
14:40:14.701,-3.970236,2.966457,-0.136161,-0.077802,0.028255,0.024010,-1.003780,-8.410741,-0.070760,-0.213963,0.000054,0.000036
14:40:14.801,-3.970453,2.966117,-0.134830,-0.076999,0.027994,0.024522,-1.004336,-8.410591,-0.070120,-0.211830,0.000054,0.000036
14:40:14.901,-3.970995,2.966364,-0.133895,-0.077341,0.027821,0.025376,-1.004631,-8.411548,-0.068571,-0.211236,0.000054,0.000036
14:40:15.038,-3.971175,2.965969,-0.134088,-0.077861,0.027788,0.025389,-1.005205,-8.411287,-0.068176,-0.211949,0.000054,0.000036
14:40:15.101,-3.972003,2.966534,-0.135156,-0.076875,0.027838,0.024237,-1.005469,-8.412975,-0.070665,-0.212031,0.000054,0.000036
14:40:15.201,-3.970698,2.966445,-0.135797,-0.075668,0.028096,0.023528,-1.004253,-8.411287,-0.072906,-0.211465,0.000054,0.000036
14:40:15.310,-3.970549,2.965891,-0.134959,-0.076503,0.028134,0.024023,-1.004659,-8.410434,-0.070879,-0.211462,0.000054,0.000036
14:40:15.401,-3.971689,2.966795,-0.134254,-0.077720,0.028169,0.024917,-1.004894,-8.412912,-0.068547,-0.211974,0.000054,0.000036
14:40:15.588,-3.971667,2.967200,-0.134371,-0.077601,0.027913,0.025049,-1.004467,-8.413376,-0.068833,-0.211972,0.000054,0.000036
14:40:15.601,-3.971077,2.966419,-0.135523,-0.076772,0.027926,0.023832,-1.004658,-8.411715,-0.071236,-0.212295,0.000054,0.000036
14:40:15.701,-3.971211,2.966401,-0.136373,-0.077801,0.027956,0.023375,-1.004810,-8.411854,-0.071019,-0.214174,0.000054,0.000036
14:40:15.801,-3.971112,2.966989,-0.135504,-0.077340,0.027832,0.023933,-1.004123,-8.412447,-0.070524,-0.212844,0.000054,0.000036
14:40:15.901,-3.970436,2.966598,-0.133963,-0.075685,0.027924,0.024668,-1.003838,-8.411154,-0.070662,-0.209648,0.000054,0.000036
14:40:16.038,-3.971098,2.967125,-0.133433,-0.074425,0.028034,0.024570,-1.003972,-8.412595,-0.071547,-0.207859,0.000054,0.000036
14:40:16.101,-3.971264,2.967465,-0.134312,-0.074976,0.028081,0.023897,-1.003799,-8.413210,-0.071945,-0.209287,0.000054,0.000036
14:40:16.201,-3.971867,2.967405,-0.135811,-0.076326,0.028265,0.023168,-1.004462,-8.413868,-0.072126,-0.212137,0.000054,0.000036
14:40:16.301,-3.972673,2.966895,-0.136052,-0.076562,0.027881,0.023258,-1.005779,-8.414226,-0.072131,-0.212615,0.000054,0.000036
14:40:16.401,-3.971747,2.966738,-0.135270,-0.075831,0.027733,0.024208,-1.005009,-8.412913,-0.072070,-0.211101,0.000054,0.000036
14:40:16.562,-3.970847,2.965976,-0.134597,-0.075823,0.027673,0.024424,-1.004871,-8.410898,-0.071263,-0.210420,0.000054,0.000036
14:40:16.601,-3.971151,2.967624,-0.134993,-0.074922,0.027837,0.023817,-1.003528,-8.413265,-0.072837,-0.209915,0.000054,0.000036
14:40:16.701,-3.970977,2.967995,-0.135308,-0.074899,0.027835,0.023710,-1.002981,-8.413504,-0.073246,-0.210207,0.000054,0.000036
14:40:16.840,-3.970811,2.967282,-0.135023,-0.076123,0.027804,0.023774,-1.003529,-8.412437,-0.071416,-0.211146,0.000054,0.000036
14:40:16.901,-3.971272,2.966958,-0.134699,-0.076512,0.027740,0.024108,-1.004314,-8.412605,-0.070551,-0.211211,0.000054,0.000036
14:40:17.038,-3.970711,2.966455,-0.134293,-0.076211,0.027805,0.024631,-1.004256,-8.411313,-0.070425,-0.210504,0.000054,0.000036
14:40:17.101,-3.970377,2.966775,-0.134411,-0.075303,0.028041,0.024407,-1.003602,-8.411297,-0.071669,-0.209715,0.000054,0.000035
14:40:17.201,-3.971783,2.967384,-0.135240,-0.077177,0.027643,0.023841,-1.004400,-8.413740,-0.070401,-0.212417,0.000054,0.000034
14:40:17.301,-3.971838,2.966478,-0.135791,-0.079110,0.027434,0.024733,-1.005360,-8.412708,-0.068726,-0.214902,0.000054,0.000034
14:40:17.401,-3.971072,2.966581,-0.135733,-0.078948,0.027576,0.025147,-1.004491,-8.411904,-0.068852,-0.214680,0.000054,0.000034
14:40:17.538,-3.971946,2.967453,-0.135360,-0.078237,0.027538,0.024661,-1.004492,-8.414022,-0.069261,-0.213597,0.000054,0.000035
14:40:17.601,-3.971221,2.966533,-0.134579,-0.076959,0.027527,0.024449,-1.004687,-8.412027,-0.069865,-0.211538,0.000054,0.000036
14:40:17.701,-3.971018,2.966093,-0.134404,-0.075449,0.027708,0.024786,-1.004926,-8.411247,-0.071483,-0.209854,0.000054,0.000036
14:40:17.812,-3.971863,2.967142,-0.135069,-0.076859,0.027885,0.025079,-1.004721,-8.413543,-0.070579,-0.211928,0.000054,0.000036
14:40:17.901,-3.972013,2.967853,-0.135660,-0.076099,0.027939,0.024005,-1.004160,-8.414588,-0.072218,-0.211758,0.000054,0.000036
14:40:18.089,-3.971225,2.967267,-0.135322,-0.075715,0.027815,0.023645,-1.003958,-8.412922,-0.072273,-0.211037,0.000054,0.000036
14:40:18.101,-3.971233,2.967321,-0.134968,-0.077142,0.027911,0.024046,-1.003911,-8.412996,-0.070114,-0.212109,0.000054,0.000036
14:40:18.201,-3.972454,2.966700,-0.135163,-0.078153,0.027691,0.024097,-1.005754,-8.413723,-0.069125,-0.213316,0.000054,0.000036
14:40:18.301,-3.972140,2.966183,-0.135415,-0.078021,0.027658,0.024120,-1.005957,-8.412717,-0.069589,-0.213436,0.000054,0.000036
14:40:18.401,-3.971316,2.966082,-0.135742,-0.077223,0.027922,0.023826,-1.005234,-8.411595,-0.070954,-0.212964,0.000054,0.000036
14:40:18.538,-3.971856,2.966418,-0.135403,-0.077501,0.027692,0.023955,-1.005438,-8.412658,-0.070205,-0.212904,0.000054,0.000036
14:40:18.601,-3.971752,2.966745,-0.134833,-0.076104,0.028061,0.023735,-1.005008,-8.412928,-0.071208,-0.210937,0.000054,0.000036
14:40:18.701,-3.971069,2.966116,-0.134850,-0.074442,0.028244,0.023667,-1.004953,-8.411337,-0.073245,-0.209293,0.000054,0.000036
14:40:18.801,-3.970762,2.965520,-0.135279,-0.076951,0.027914,0.024638,-1.005241,-8.410242,-0.070722,-0.212230,0.000054,0.000036
14:40:18.901,-3.969948,2.965533,-0.135767,-0.078772,0.028051,0.024287,-1.004414,-8.409271,-0.069106,-0.214539,0.000054,0.000036
14:40:19.069,-3.970594,2.966059,-0.135817,-0.077273,0.027999,0.023961,-1.004535,-8.410692,-0.070985,-0.213089,0.000054,0.000036
14:40:19.101,-3.971719,2.967115,-0.135189,-0.078169,0.027949,0.024688,-1.004604,-8.413335,-0.069137,-0.213359,0.000054,0.000036
14:40:19.201,-3.971158,2.966817,-0.134484,-0.078695,0.028056,0.024909,-1.004340,-8.412294,-0.067644,-0.213179,0.000054,0.000036
14:40:19.347,-3.970837,2.965648,-0.134466,-0.079328,0.028153,0.024658,-1.005189,-8.410489,-0.066856,-0.213794,0.000054,0.000035
14:40:19.401,-3.971415,2.965720,-0.135034,-0.078359,0.028139,0.024158,-1.005695,-8.411277,-0.068719,-0.213393,0.000054,0.000034
14:40:19.538,-3.970541,2.966094,-0.135724,-0.077817,0.028085,0.024204,-1.004448,-8.410670,-0.070212,-0.213540,0.000054,0.000035
14:40:19.601,-3.970601,2.966534,-0.136172,-0.078944,0.027920,0.024349,-1.004067,-8.411277,-0.069390,-0.215116,0.000054,0.000036
14:40:19.701,-3.972073,2.966745,-0.135661,-0.078703,0.027949,0.024270,-1.005328,-8.413317,-0.069062,-0.214364,0.000054,0.000036
14:40:19.801,-3.971666,2.967170,-0.134414,-0.077913,0.028303,0.024858,-1.004496,-8.413339,-0.068506,-0.212327,0.000054,0.000036
14:40:19.901,-3.971020,2.966987,-0.133934,-0.078004,0.028309,0.025170,-1.004033,-8.412334,-0.067815,-0.211937,0.000054,0.000036
14:40:20.038,-3.971598,2.966659,-0.135185,-0.078306,0.028275,0.024409,-1.004939,-8.412637,-0.068967,-0.213491,0.000054,0.000036
14:40:20.101,-3.971516,2.967045,-0.136387,-0.076240,0.028157,0.022976,-1.004471,-8.413005,-0.072928,-0.212628,0.000054,0.000036
14:40:20.201,-3.971430,2.966523,-0.136216,-0.076421,0.027931,0.023120,-1.004906,-8.412268,-0.072502,-0.212637,0.000054,0.000036
14:40:20.312,-3.971712,2.967645,-0.135118,-0.077875,0.027989,0.024456,-1.004066,-8.413970,-0.069407,-0.212993,0.000054,0.000036
14:40:20.401,-3.971599,2.967378,-0.133857,-0.078454,0.027977,0.025191,-1.004222,-8.413509,-0.067177,-0.212311,0.000054,0.000036
14:40:20.590,-3.970348,2.966397,-0.133769,-0.079094,0.028104,0.025044,-1.003951,-8.410804,-0.066293,-0.212863,0.000054,0.000036
14:40:20.601,-3.971243,2.966687,-0.135577,-0.079412,0.028288,0.024058,-1.004556,-8.412240,-0.068100,-0.214989,0.000054,0.000036
14:40:20.701,-3.971142,2.966231,-0.137054,-0.079034,0.028197,0.023392,-1.004911,-8.411566,-0.070349,-0.216089,0.000054,0.000036
14:40:20.801,-3.970959,2.966028,-0.136805,-0.079244,0.028021,0.023143,-1.004931,-8.411097,-0.069793,-0.216049,0.000054,0.000036
14:40:20.901,-3.971745,2.966588,-0.134867,-0.079440,0.027985,0.024561,-1.005156,-8.412729,-0.067206,-0.214307,0.000054,0.000036
14:40:21.038,-3.971950,2.966972,-0.132778,-0.079056,0.028038,0.025950,-1.004978,-8.413442,-0.065137,-0.211834,0.000054,0.000036
14:40:21.101,-3.971814,2.966652,-0.133577,-0.077447,0.028035,0.025393,-1.005162,-8.412890,-0.068058,-0.211024,0.000054,0.000036
14:40:21.201,-3.971206,2.966197,-0.135916,-0.076395,0.028253,0.024103,-1.005009,-8.411602,-0.072169,-0.212310,0.000054,0.000036
14:40:21.301,-3.970075,2.965979,-0.137240,-0.076468,0.028262,0.022816,-1.004096,-8.409966,-0.073685,-0.213708,0.000054,0.000036
14:40:21.401,-3.970244,2.966883,-0.136642,-0.076579,0.028237,0.023300,-1.003361,-8.411267,-0.072826,-0.213222,0.000054,0.000036
14:40:21.563,-3.972502,2.968269,-0.134282,-0.076158,0.028157,0.024737,-1.004232,-8.415685,-0.070475,-0.210440,0.000054,0.000036
14:40:21.601,-3.971814,2.967562,-0.132412,-0.076447,0.028147,0.025816,-1.004252,-8.413993,-0.067857,-0.208859,0.000054,0.000036
14:40:21.701,-3.970899,2.966814,-0.133592,-0.075609,0.028350,0.024985,-1.004085,-8.411977,-0.070305,-0.209202,0.000054,0.000036
14:40:21.843,-3.971736,2.967956,-0.136510,-0.074985,0.028250,0.023164,-1.003780,-8.414376,-0.074598,-0.211495,0.000054,0.000036
14:40:21.901,-3.970207,2.966268,-0.137104,-0.075822,0.028139,0.023115,-1.003939,-8.410476,-0.074304,-0.212926,0.000054,0.000036
14:40:22.038,-3.970187,2.965834,-0.135505,-0.077554,0.028102,0.024502,-1.004353,-8.409926,-0.070266,-0.213059,0.000054,0.000036
14:40:22.101,-3.972300,2.967724,-0.133853,-0.078749,0.028176,0.025656,-1.004576,-8.414779,-0.066814,-0.212603,0.000054,0.000036
14:40:22.201,-3.971193,2.967340,-0.133301,-0.077984,0.028171,0.025799,-1.003853,-8.412971,-0.067072,-0.211285,0.000054,0.000036
14:40:22.301,-3.969724,2.966526,-0.134917,-0.075394,0.028214,0.023458,-1.003198,-8.410204,-0.072171,-0.210311,0.000054,0.000036
14:40:22.401,-3.970542,2.966704,-0.136584,-0.075730,0.028276,0.022451,-1.003838,-8.411411,-0.073785,-0.212314,0.000054,0.000036
14:40:22.538,-3.971040,2.966663,-0.136187,-0.076950,0.028204,0.023215,-1.004378,-8.411965,-0.071825,-0.213136,0.000054,0.000036
14:40:22.601,-3.971552,2.967037,-0.134840,-0.076578,0.028052,0.024202,-1.004515,-8.413039,-0.070643,-0.211418,0.000054,0.000036
14:40:22.701,-3.972512,2.968290,-0.134279,-0.075768,0.027977,0.024252,-1.004222,-8.415721,-0.070945,-0.210047,0.000054,0.000036
14:40:22.816,-3.971864,2.967261,-0.134617,-0.076512,0.027929,0.024152,-1.004603,-8.413689,-0.070452,-0.211129,0.000054,0.000036
14:40:22.901,-3.969799,2.965624,-0.135240,-0.078658,0.028134,0.024057,-1.004175,-8.409201,-0.068606,-0.213897,0.000054,0.000036
14:40:23.038,-3.970793,2.966493,-0.136327,-0.079531,0.028074,0.023846,-1.004300,-8.411459,-0.068865,-0.215858,0.000054,0.000036
14:40:23.101,-3.972006,2.967361,-0.135922,-0.079520,0.028025,0.024346,-1.004646,-8.413982,-0.068388,-0.215441,0.000054,0.000036
14:40:23.201,-3.971054,2.966230,-0.134635,-0.079266,0.027897,0.025277,-1.004824,-8.411456,-0.067135,-0.213901,0.000054,0.000036
14:40:23.301,-3.971822,2.966808,-0.134365,-0.079018,0.027783,0.025593,-1.005014,-8.413088,-0.067108,-0.213383,0.000054,0.000036
14:40:23.401,-3.971924,2.967086,-0.135247,-0.078061,0.027878,0.024771,-1.004838,-8.413550,-0.069339,-0.213308,0.000054,0.000036
14:40:23.538,-3.970861,2.966756,-0.135958,-0.075618,0.028035,0.023560,-1.004105,-8.411862,-0.073161,-0.211576,0.000054,0.000036
14:40:23.601,-3.970906,2.966337,-0.135827,-0.075427,0.028155,0.023213,-1.004569,-8.411408,-0.073235,-0.211253,0.000054,0.000036
14:40:23.701,-3.970957,2.967096,-0.134899,-0.076427,0.028195,0.024156,-1.003861,-8.412390,-0.070897,-0.211326,0.000054,0.000036
14:40:23.813,-3.969791,2.966119,-0.133969,-0.076313,0.028128,0.024410,-1.003672,-8.409790,-0.069908,-0.210282,0.000054,0.000036
14:40:23.901,-3.970924,2.966581,-0.134684,-0.076137,0.028187,0.024422,-1.004343,-8.411725,-0.070988,-0.210821,0.000054,0.000036
14:40:24.091,-3.971640,2.966977,-0.136033,-0.075420,0.028176,0.024050,-1.004663,-8.413072,-0.073494,-0.211453,0.000054,0.000036
14:40:24.101,-3.970478,2.966185,-0.135881,-0.075673,0.028156,0.024311,-1.004292,-8.410704,-0.073003,-0.211554,0.000054,0.000035
14:40:24.201,-3.971417,2.967183,-0.134872,-0.076205,0.028045,0.024889,-1.004234,-8.413053,-0.071133,-0.211077,0.000054,0.000035
14:40:24.301,-3.972074,2.966899,-0.134210,-0.076501,0.028096,0.025273,-1.005175,-8.413504,-0.069973,-0.210711,0.000054,0.000036
14:40:24.401,-3.970534,2.965844,-0.134707,-0.077361,0.028169,0.025345,-1.004690,-8.410358,-0.069532,-0.212068,0.000054,0.000036
14:40:24.538,-3.970693,2.965605,-0.136240,-0.078955,0.028066,0.024633,-1.005088,-8.410262,-0.069459,-0.215195,0.000054,0.000036
14:40:24.601,-3.971412,2.966484,-0.136325,-0.078913,0.027982,0.024217,-1.004928,-8.412199,-0.069611,-0.215238,0.000054,0.000036
14:40:24.701,-3.971321,2.966470,-0.134772,-0.077408,0.028167,0.025339,-1.004852,-8.412072,-0.069553,-0.212180,0.000054,0.000036
14:40:24.801,-3.971256,2.966654,-0.134008,-0.075173,0.028341,0.025646,-1.004601,-8.412216,-0.071338,-0.209181,0.000054,0.000036
14:40:24.901,-3.972093,2.966978,-0.134981,-0.075057,0.027984,0.024587,-1.005115,-8.413624,-0.072657,-0.210038,0.000054,0.000036
14:40:25.071,-3.971737,2.966890,-0.136115,-0.076061,0.028000,0.023722,-1.004847,-8.413084,-0.072815,-0.212176,0.000054,0.000036
14:40:25.101,-3.970506,2.965884,-0.135885,-0.077433,0.028197,0.024362,-1.004622,-8.410372,-0.070874,-0.213318,0.000054,0.000036
14:40:25.201,-3.968982,2.965590,-0.135256,-0.078838,0.028142,0.024920,-1.003392,-8.408168,-0.068406,-0.214094,0.000054,0.000036
14:40:25.349,-3.971066,2.966210,-0.134766,-0.079475,0.027992,0.025286,-1.004856,-8.411448,-0.067040,-0.214242,0.000054,0.000036
14:40:25.401,-3.971781,2.966332,-0.134207,-0.080161,0.027793,0.025619,-1.005449,-8.412463,-0.065531,-0.214368,0.000054,0.000036
14:40:25.538,-3.971238,2.967328,-0.134489,-0.080383,0.027812,0.025049,-1.003910,-8.413012,-0.065604,-0.214872,0.000054,0.000036
14:40:25.601,-3.970230,2.967085,-0.135699,-0.080483,0.028030,0.024623,-1.003145,-8.411495,-0.066948,-0.216182,0.000054,0.000036
14:40:25.701,-3.970337,2.966150,-0.136292,-0.080189,0.028243,0.024602,-1.004186,-8.410490,-0.068025,-0.216481,0.000054,0.000036
14:40:25.801,-3.971167,2.966038,-0.135337,-0.079452,0.028436,0.025052,-1.005129,-8.411361,-0.067760,-0.214789,0.000054,0.000036
14:40:25.901,-3.971663,2.966548,-0.134181,-0.078750,0.028315,0.025572,-1.005116,-8.412581,-0.067209,-0.212931,0.000054,0.000036
14:40:26.038,-3.972059,2.966945,-0.134504,-0.079227,0.028117,0.025793,-1.005113,-8.413543,-0.067023,-0.213731,0.000054,0.000036
14:40:26.101,-3.971992,2.967286,-0.135471,-0.077431,0.027966,0.024935,-1.004706,-8.413874,-0.070373,-0.212903,0.000054,0.000036
14:40:26.200,-3.971326,2.966717,-0.136135,-0.075803,0.027988,0.023721,-1.004609,-8.412376,-0.073153,-0.211938,0.000054,0.000036
14:40:26.312,-3.969997,2.965345,-0.136021,-0.076089,0.028075,0.023872,-1.004652,-8.409103,-0.072667,-0.212110,0.000054,0.000036
14:40:26.400,-3.970185,2.965870,-0.135043,-0.075511,0.028209,0.024823,-1.004315,-8.409967,-0.072183,-0.210554,0.000054,0.000036
14:40:26.591,-3.971465,2.966826,-0.134042,-0.076134,0.028037,0.025426,-1.004639,-8.412678,-0.070214,-0.210175,0.000054,0.000036
14:40:26.600,-3.972615,2.967441,-0.134230,-0.076979,0.027917,0.025413,-1.005174,-8.414818,-0.069416,-0.211209,0.000054,0.000036
14:40:26.700,-3.972568,2.967853,-0.135161,-0.077341,0.027859,0.024726,-1.004716,-8.415260,-0.070108,-0.212502,0.000054,0.000036
14:40:26.800,-3.971474,2.966714,-0.136094,-0.077521,0.027853,0.023881,-1.004760,-8.412554,-0.071021,-0.213615,0.000054,0.000036
14:40:26.900,-3.970215,2.965367,-0.136073,-0.076091,0.027940,0.023417,-1.004848,-8.409393,-0.072729,-0.212163,0.000054,0.000036
14:40:27.037,-3.971165,2.966262,-0.135185,-0.074462,0.027817,0.023732,-1.004903,-8.411631,-0.073627,-0.209647,0.000054,0.000036
14:40:27.100,-3.971747,2.967260,-0.134508,-0.074760,0.027602,0.024467,-1.004486,-8.413546,-0.072444,-0.209268,0.000054,0.000036
14:40:27.200,-3.971227,2.966558,-0.134510,-0.076515,0.027790,0.024806,-1.004668,-8.412064,-0.070319,-0.211025,0.000054,0.000036
14:40:27.300,-3.971870,2.967260,-0.135279,-0.075764,0.028044,0.024099,-1.004610,-8.413695,-0.072163,-0.211043,0.000054,0.000035
14:40:27.400,-3.971268,2.966362,-0.136078,-0.077878,0.027985,0.024490,-1.004906,-8.411876,-0.070568,-0.213956,0.000054,0.000034
14:40:27.562,-3.969957,2.965765,-0.135214,-0.077442,0.028124,0.024490,-1.004192,-8.409563,-0.070048,-0.212657,0.000054,0.000035
14:40:27.600,-3.970118,2.965578,-0.134114,-0.075324,0.028118,0.024148,-1.004540,-8.409532,-0.071283,-0.209438,0.000054,0.000036
14:40:27.700,-3.971375,2.966541,-0.134157,-0.075819,0.027999,0.024451,-1.004834,-8.412223,-0.070735,-0.209975,0.000054,0.000036
14:40:27.841,-3.971724,2.966691,-0.134862,-0.078056,0.027879,0.024606,-1.005034,-8.412828,-0.068878,-0.212918,0.000054,0.000036
14:40:27.900,-3.972091,2.966703,-0.135835,-0.078736,0.027800,0.024224,-1.005389,-8.413288,-0.069233,-0.214571,0.000054,0.000036
14:40:28.037,-3.972389,2.966919,-0.136379,-0.078890,0.027814,0.024166,-1.005470,-8.413912,-0.069705,-0.215269,0.000054,0.000036
14:40:28.100,-3.971301,2.966133,-0.135393,-0.078674,0.027816,0.024498,-1.005168,-8.411638,-0.068772,-0.214067,0.000054,0.000036
14:40:28.200,-3.970403,2.965706,-0.133786,-0.077897,0.028000,0.025237,-1.004697,-8.410032,-0.067766,-0.211684,0.000054,0.000036
14:40:28.300,-3.971054,2.966228,-0.133287,-0.077234,0.028000,0.025750,-1.004825,-8.411454,-0.067964,-0.210521,0.000054,0.000036
14:40:28.400,-3.972184,2.967266,-0.134857,-0.076738,0.027914,0.024666,-1.004917,-8.414083,-0.070470,-0.211595,0.000054,0.000036
14:40:28.537,-3.971199,2.966116,-0.136641,-0.077888,0.027680,0.023430,-1.005084,-8.411495,-0.071239,-0.214529,0.000054,0.000036
14:40:28.600,-3.971466,2.966136,-0.136499,-0.079409,0.027714,0.023841,-1.005330,-8.411843,-0.069222,-0.215907,0.000054,0.000036
14:40:28.700,-3.971896,2.966610,-0.135036,-0.077436,0.027898,0.024086,-1.005285,-8.412939,-0.069840,-0.212472,0.000054,0.000036
14:40:28.811,-3.971498,2.966561,-0.134221,-0.075984,0.027829,0.024430,-1.004937,-8.412396,-0.070612,-0.210205,0.000054,0.000035
14:40:28.900,-3.970920,2.966215,-0.134108,-0.075714,0.028025,0.024929,-1.004705,-8.411276,-0.070803,-0.209823,0.000054,0.000034
14:40:29.089,-3.971623,2.966975,-0.135141,-0.075551,0.028114,0.024884,-1.004648,-8.413050,-0.072253,-0.210692,0.000054,0.000035
14:40:29.100,-3.972731,2.967526,-0.136276,-0.075811,0.027873,0.024301,-1.005206,-8.415062,-0.073314,-0.212088,0.000054,0.000036
14:40:29.200,-3.971493,2.966945,-0.136172,-0.075749,0.027810,0.024173,-1.004548,-8.412856,-0.073263,-0.211921,0.000054,0.000036
14:40:29.300,-3.970260,2.966148,-0.135233,-0.075374,0.027907,0.024269,-1.004111,-8.410394,-0.072579,-0.210607,0.000054,0.000036
14:40:29.400,-3.971076,2.966445,-0.134399,-0.075008,0.028023,0.024532,-1.004631,-8.411745,-0.072012,-0.209408,0.000054,0.000036
14:40:29.537,-3.971245,2.966971,-0.133941,-0.075271,0.027996,0.025352,-1.004275,-8.412587,-0.071138,-0.209212,0.000054,0.000036
14:40:29.600,-3.971557,2.966589,-0.134763,-0.076721,0.027925,0.025106,-1.004968,-8.412502,-0.070376,-0.211484,0.000054,0.000036
14:40:29.700,-3.972126,2.967474,-0.136274,-0.076408,0.028173,0.024026,-1.004652,-8.414265,-0.072588,-0.212682,0.000054,0.000036
14:40:29.800,-3.970507,2.967147,-0.136064,-0.076581,0.028147,0.024189,-1.003360,-8.411905,-0.072124,-0.212645,0.000054,0.000036
14:40:29.900,-3.969867,2.966662,-0.135595,-0.077548,0.028315,0.025170,-1.003205,-8.410541,-0.070382,-0.213143,0.000054,0.000036
14:40:30.065,-3.970970,2.966884,-0.135089,-0.077606,0.028264,0.025196,-1.004087,-8.412148,-0.069698,-0.212695,0.000054,0.000036
14:40:30.101,-3.971072,2.967167,-0.134572,-0.077129,0.028309,0.024463,-1.003905,-8.412614,-0.069650,-0.211701,0.000054,0.000036
14:40:30.201,-3.971398,2.966821,-0.134701,-0.076024,0.028308,0.024036,-1.004577,-8.412591,-0.071147,-0.210725,0.000054,0.000036
14:40:30.343,-3.971432,2.966990,-0.135277,-0.076173,0.028169,0.024231,-1.004442,-8.412837,-0.071664,-0.211450,0.000054,0.000036
14:40:30.401,-3.970801,2.966579,-0.135928,-0.076742,0.028270,0.024025,-1.004221,-8.411573,-0.071763,-0.212669,0.000054,0.000036
14:40:30.538,-3.969908,2.966664,-0.136064,-0.076302,0.028383,0.023733,-1.003244,-8.410593,-0.072462,-0.212365,0.000054,0.000036
14:40:30.601,-3.971361,2.967745,-0.135273,-0.075231,0.028415,0.024225,-1.003616,-8.413666,-0.072801,-0.210504,0.000054,0.000036
14:40:30.701,-3.972451,2.967756,-0.134402,-0.076119,0.028330,0.025085,-1.004695,-8.415001,-0.070668,-0.210521,0.000054,0.000036
14:40:30.801,-3.971789,2.967273,-0.134383,-0.076751,0.028112,0.025206,-1.004515,-8.413613,-0.069879,-0.211133,0.000054,0.000036
14:40:30.901,-3.971746,2.966502,-0.135303,-0.076423,0.028010,0.024715,-1.005244,-8.412626,-0.071393,-0.211726,0.000054,0.000036
14:40:31.038,-3.972045,2.966171,-0.136261,-0.077199,0.028145,0.024413,-1.005874,-8.412587,-0.071612,-0.213460,0.000054,0.000036
14:40:31.101,-3.969948,2.966009,-0.135596,-0.078547,0.028386,0.025407,-1.003939,-8.409848,-0.069172,-0.214143,0.000054,0.000036
14:40:31.201,-3.968976,2.965304,-0.134484,-0.079083,0.028300,0.026115,-1.003672,-8.407814,-0.067174,-0.213566,0.000054,0.000036
14:40:31.316,-3.971276,2.966900,-0.134139,-0.077179,0.028258,0.025671,-1.004376,-8.412539,-0.069064,-0.211318,0.000054,0.000036
14:40:31.401,-3.972446,2.968325,-0.134489,-0.077046,0.028338,0.025224,-1.004120,-8.415685,-0.069650,-0.211535,0.000054,0.000036
14:40:31.595,-3.971581,2.967322,-0.136054,-0.078027,0.028145,0.024408,-1.004259,-8.413420,-0.070357,-0.214081,0.000054,0.000036
14:40:31.601,-3.970612,2.966746,-0.136517,-0.078379,0.027919,0.024330,-1.003866,-8.411546,-0.070492,-0.214897,0.000054,0.000036
14:40:31.701,-3.970450,2.966840,-0.135704,-0.078683,0.028105,0.025120,-1.003610,-8.411464,-0.069138,-0.214388,0.000054,0.000036
14:40:31.801,-3.969854,2.966887,-0.134043,-0.077779,0.028405,0.025921,-1.002967,-8.410798,-0.068220,-0.211821,0.000054,0.000036
14:40:31.901,-3.969417,2.964983,-0.133813,-0.077999,0.028224,0.025742,-1.004435,-8.407960,-0.067674,-0.211812,0.000054,0.000036
14:40:32.038,-3.971208,2.965956,-0.135689,-0.078289,0.027950,0.024912,-1.005251,-8.411311,-0.069598,-0.213978,0.000054,0.000036
14:40:32.101,-3.973128,2.968222,-0.136850,-0.078066,0.027786,0.024451,-1.004906,-8.416388,-0.071275,-0.214916,0.000054,0.000036
14:40:32.201,-3.972003,2.968141,-0.136002,-0.076741,0.027930,0.024546,-1.003863,-8.414924,-0.071854,-0.212743,0.000054,0.000036
14:40:32.301,-3.970008,2.966516,-0.134306,-0.077207,0.028304,0.025804,-1.003492,-8.410535,-0.069232,-0.211513,0.000054,0.000036
14:40:32.401,-3.968529,2.964919,-0.133732,-0.078943,0.028420,0.026212,-1.003610,-8.406806,-0.066431,-0.212675,0.000054,0.000036
14:40:32.562,-3.970582,2.966280,-0.134257,-0.078771,0.028364,0.025421,-1.004301,-8.410945,-0.067277,-0.213027,0.000054,0.000036
14:40:32.601,-3.972403,2.967957,-0.135462,-0.077904,0.028151,0.024736,-1.004446,-8.415186,-0.069789,-0.213367,0.000054,0.000036
14:40:32.701,-3.970607,2.966079,-0.136065,-0.078536,0.027891,0.024121,-1.004529,-8.410732,-0.069754,-0.214601,0.000054,0.000036
14:40:32.843,-3.970948,2.966170,-0.136854,-0.079420,0.028032,0.023907,-1.004778,-8.411256,-0.069638,-0.216274,0.000054,0.000036
14:40:32.901,-3.971511,2.967741,-0.136431,-0.077684,0.028410,0.023955,-1.003770,-8.413843,-0.071231,-0.214114,0.000054,0.000036
14:40:33.038,-3.971666,2.967553,-0.134667,-0.076473,0.028598,0.024543,-1.004113,-8.413804,-0.070560,-0.211140,0.000054,0.000036
14:40:33.101,-3.970392,2.966480,-0.133585,-0.077271,0.028482,0.025850,-1.003912,-8.410957,-0.068280,-0.210856,0.000054,0.000036
14:40:33.201,-3.969375,2.966015,-0.134403,-0.077425,0.028298,0.025691,-1.003360,-8.409160,-0.069086,-0.211827,0.000054,0.000036
14:40:33.301,-3.969497,2.965547,-0.135827,-0.078386,0.028017,0.024772,-1.003950,-8.408740,-0.069648,-0.214213,0.000054,0.000036
14:40:33.401,-3.972432,2.967101,-0.136850,-0.079367,0.027853,0.023682,-1.005331,-8.414183,-0.069697,-0.216217,0.000054,0.000036
14:40:33.538,-3.974079,2.968248,-0.136458,-0.080173,0.027807,0.024462,-1.005832,-8.417572,-0.068246,-0.216631,0.000054,0.000036
14:40:33.601,-3.971171,2.967129,-0.134706,-0.080062,0.028038,0.025194,-1.004042,-8.412689,-0.066255,-0.214768,0.000054,0.000036
14:40:33.701,-3.968679,2.965913,-0.134109,-0.079544,0.028303,0.025345,-1.002765,-8.408193,-0.066160,-0.213654,0.000054,0.000036
14:40:33.812,-3.969416,2.965817,-0.135118,-0.078097,0.028260,0.024698,-1.003599,-8.408969,-0.069137,-0.213215,0.000054,0.000035
14:40:33.901,-3.971733,2.967715,-0.136381,-0.076964,0.027918,0.023448,-1.004018,-8.414080,-0.072043,-0.213346,0.000054,0.000034
14:40:34.093,-3.973005,2.968524,-0.136413,-0.077025,0.027742,0.023425,-1.004481,-8.416604,-0.072008,-0.213438,0.000054,0.000034
14:40:34.101,-3.971510,2.966915,-0.135193,-0.077663,0.027927,0.024700,-1.004595,-8.412840,-0.069755,-0.212856,0.000054,0.000034
14:40:34.201,-3.970686,2.966031,-0.134587,-0.077535,0.028321,0.025317,-1.004654,-8.410770,-0.069176,-0.212121,0.000054,0.000035
14:40:34.301,-3.970163,2.965609,-0.135065,-0.077375,0.028321,0.024752,-1.004554,-8.409624,-0.069949,-0.212440,0.000054,0.000036
14:40:34.401,-3.970587,2.965227,-0.135700,-0.077283,0.028199,0.023652,-1.005360,-8.409675,-0.070831,-0.212983,0.000054,0.000036
14:40:34.538,-3.972418,2.967237,-0.136229,-0.077158,0.028019,0.023411,-1.005181,-8.414331,-0.071623,-0.213388,0.000054,0.000036
14:40:34.601,-3.972525,2.968223,-0.135917,-0.077044,0.027933,0.023775,-1.004302,-8.415656,-0.071383,-0.212960,0.000054,0.000036
14:40:34.701,-3.970815,2.966371,-0.134801,-0.076292,0.028000,0.023901,-1.004444,-8.411337,-0.070942,-0.211093,0.000054,0.000036
14:40:34.801,-3.970946,2.965554,-0.134472,-0.074797,0.028183,0.024046,-1.005392,-8.410506,-0.072356,-0.209269,0.000054,0.000036
14:40:34.901,-3.971840,2.965674,-0.134747,-0.074332,0.028299,0.023731,-1.006165,-8.411735,-0.073254,-0.209079,0.000054,0.000036
14:40:35.061,-3.971348,2.966583,-0.135535,-0.074676,0.028506,0.022773,-1.004765,-8.412241,-0.073793,-0.210211,0.000054,0.000036
14:40:35.101,-3.971333,2.967560,-0.136018,-0.074428,0.028660,0.021989,-1.003773,-8.413408,-0.074679,-0.210446,0.000054,0.000036
14:40:35.201,-3.971372,2.967098,-0.135674,-0.075074,0.028168,0.023012,-1.004275,-8.412894,-0.073477,-0.210748,0.000054,0.000036
14:40:35.342,-3.970618,2.965963,-0.134930,-0.077264,0.027569,0.024087,-1.004656,-8.410604,-0.069920,-0.212194,0.000054,0.000036
14:40:35.401,-3.971105,2.965598,-0.134681,-0.078531,0.027671,0.024560,-1.005507,-8.410753,-0.068082,-0.213212,0.000054,0.000036
14:40:35.538,-3.970839,2.965921,-0.134807,-0.078696,0.027859,0.024494,-1.004918,-8.410822,-0.068035,-0.213504,0.000054,0.000036
14:40:35.601,-3.970575,2.966338,-0.135147,-0.078610,0.027788,0.023950,-1.004237,-8.411007,-0.068550,-0.213757,0.000054,0.000035
14:40:35.701,-3.971270,2.967401,-0.135658,-0.077173,0.027962,0.023533,-1.003869,-8.413139,-0.070913,-0.212831,0.000054,0.000035
14:40:35.801,-3.970938,2.967304,-0.135503,-0.076877,0.028110,0.023567,-1.003634,-8.412618,-0.071084,-0.212380,0.000054,0.000036
14:40:35.901,-3.972026,2.967110,-0.135444,-0.076074,0.027983,0.023434,-1.004916,-8.413703,-0.071986,-0.211518,0.000054,0.000036
14:40:36.038,-3.971379,2.967270,-0.135234,-0.075346,0.027982,0.023645,-1.004109,-8.413112,-0.072615,-0.210580,0.000054,0.000036
14:40:36.101,-3.971733,2.967310,-0.134879,-0.074564,0.028078,0.023512,-1.004424,-8.413589,-0.073132,-0.209443,0.000054,0.000036
14:40:36.201,-3.971015,2.966647,-0.134628,-0.074489,0.028127,0.023506,-1.004368,-8.411915,-0.072919,-0.209117,0.000054,0.000036
14:40:36.314,-3.970624,2.965905,-0.135016,-0.076031,0.027863,0.023806,-1.004719,-8.410542,-0.071519,-0.211047,0.000054,0.000035
14:40:36.401,-3.971965,2.966760,-0.135667,-0.076666,0.027929,0.023896,-1.005205,-8.413204,-0.071538,-0.212333,0.000054,0.000034
14:40:36.591,-3.971870,2.967031,-0.135440,-0.076768,0.027898,0.024086,-1.004839,-8.413418,-0.071139,-0.212208,0.000054,0.000034
14:40:36.601,-3.971404,2.966231,-0.135487,-0.077666,0.027790,0.023762,-1.005173,-8.411882,-0.070107,-0.213153,0.000054,0.000034
14:40:36.701,-3.971422,2.966716,-0.135490,-0.079233,0.027795,0.024062,-1.004706,-8.412493,-0.068212,-0.214724,0.000054,0.000035
14:40:36.801,-3.971123,2.966961,-0.135145,-0.079304,0.028021,0.024366,-1.004161,-8.412427,-0.067708,-0.214449,0.000054,0.000036
14:40:36.901,-3.971543,2.966129,-0.134682,-0.077224,0.028026,0.024594,-1.005414,-8.411927,-0.069668,-0.211906,0.000054,0.000036
14:40:37.038,-3.971773,2.966560,-0.134545,-0.074627,0.028160,0.024173,-1.005213,-8.412728,-0.072650,-0.209172,0.000054,0.000036
14:40:37.101,-3.971434,2.967150,-0.135332,-0.073603,0.028317,0.023725,-1.004284,-8.413032,-0.074847,-0.208935,0.000054,0.000036
14:40:37.201,-3.971992,2.967501,-0.136343,-0.075132,0.028232,0.023333,-1.004490,-8.414135,-0.074219,-0.211475,0.000054,0.000036
14:40:37.301,-3.971715,2.967124,-0.136149,-0.075607,0.028017,0.023114,-1.004591,-8.413343,-0.073407,-0.211756,0.000054,0.000035
14:40:37.401,-3.971323,2.966731,-0.134896,-0.075147,0.027944,0.023820,-1.004592,-8.412391,-0.072446,-0.210044,0.000054,0.000034
14:40:37.562,-3.970324,2.966597,-0.133814,-0.075274,0.028206,0.024534,-1.003727,-8.411017,-0.070979,-0.209087,0.000054,0.000035
14:40:37.601,-3.971368,2.967352,-0.134101,-0.075943,0.028302,0.024262,-1.004016,-8.413197,-0.070517,-0.210044,0.000054,0.000036
14:40:37.701,-3.972529,2.967597,-0.135672,-0.075253,0.028214,0.022648,-1.004932,-8.414903,-0.073258,-0.210925,0.000054,0.000036
14:40:37.841,-3.970800,2.966593,-0.136578,-0.075353,0.028155,0.022051,-1.004207,-8.411589,-0.074236,-0.211931,0.000054,0.000036
14:40:37.901,-3.969731,2.966497,-0.136530,-0.075813,0.028274,0.022233,-1.003234,-8.410177,-0.073620,-0.212343,0.000054,0.000036
14:40:38.038,-3.970710,2.966283,-0.135572,-0.076832,0.028032,0.023708,-1.004427,-8.411104,-0.071223,-0.212404,0.000054,0.000036
14:40:38.101,-3.971672,2.967640,-0.134422,-0.077095,0.028079,0.024634,-1.004032,-8.413917,-0.069509,-0.211517,0.000054,0.000035
14:40:38.201,-3.971151,2.967857,-0.134120,-0.075303,0.028347,0.024473,-1.003294,-8.413546,-0.071316,-0.209424,0.000054,0.000034
14:40:38.301,-3.970902,2.967097,-0.135063,-0.073894,0.028270,0.023985,-1.003805,-8.412324,-0.074167,-0.208958,0.000054,0.000034
