0.000000000000000000e+00,0.000000000000000000e+00,0.000000000000000000e+00
3.550000000000000266e+00,0.000000000000000000e+00,0.000000000000000000e+00
7.100000000000000533e+00,0.000000000000000000e+00,0.000000000000000000e+00
1.065000000000000036e+01,0.000000000000000000e+00,0.000000000000000000e+00
1.420000000000000107e+01,0.000000000000000000e+00,0.000000000000000000e+00
1.775000000000000000e+01,0.000000000000000000e+00,0.000000000000000000e+00
2.130000000000000071e+01,0.000000000000000000e+00,0.000000000000000000e+00
2.485000000000000142e+01,0.000000000000000000e+00,0.000000000000000000e+00
2.840000000000000213e+01,0.000000000000000000e+00,0.000000000000000000e+00
3.194999999999999929e+01,0.000000000000000000e+00,0.000000000000000000e+00
3.550000000000000000e+01,0.000000000000000000e+00,0.000000000000000000e+00
3.904999999999999716e+01,0.000000000000000000e+00,0.000000000000000000e+00
4.260000000000000142e+01,0.000000000000000000e+00,0.000000000000000000e+00
4.614999999999999858e+01,0.000000000000000000e+00,0.000000000000000000e+00
4.970000000000000284e+01,0.000000000000000000e+00,0.000000000000000000e+00
5.325000000000000000e+01,0.000000000000000000e+00,0.000000000000000000e+00
5.680000000000000426e+01,0.000000000000000000e+00,0.000000000000000000e+00
6.035000000000000142e+01,0.000000000000000000e+00,0.000000000000000000e+00
6.389999999999999858e+01,0.000000000000000000e+00,0.000000000000000000e+00
6.745000000000000284e+01,0.000000000000000000e+00,0.000000000000000000e+00
7.100000000000000000e+01,0.000000000000000000e+00,0.000000000000000000e+00
7.454999999999999716e+01,0.000000000000000000e+00,0.000000000000000000e+00
7.809999999999999432e+01,0.000000000000000000e+00,0.000000000000000000e+00
8.165000000000000568e+01,0.000000000000000000e+00,0.000000000000000000e+00
8.520000000000000284e+01,0.000000000000000000e+00,0.000000000000000000e+00
8.875000000000000000e+01,0.000000000000000000e+00,0.000000000000000000e+00
9.229999999999999716e+01,0.000000000000000000e+00,0.000000000000000000e+00
9.585000000000000853e+01,0.000000000000000000e+00,0.000000000000000000e+00
9.940000000000000568e+01,0.000000000000000000e+00,0.000000000000000000e+00
1.029499999999999886e+02,0.000000000000000000e+00,0.000000000000000000e+00
1.065000000000000000e+02,0.000000000000000000e+00,0.000000000000000000e+00
1.100499999999999972e+02,0.000000000000000000e+00,0.000000000000000000e+00
1.136000000000000085e+02,0.000000000000000000e+00,0.000000000000000000e+00
1.171500000000000057e+02,0.000000000000000000e+00,0.000000000000000000e+00
1.207000000000000028e+02,0.000000000000000000e+00,0.000000000000000000e+00
1.242500000000000142e+02,0.000000000000000000e+00,0.000000000000000000e+00
1.277999999999999972e+02,0.000000000000000000e+00,0.000000000000000000e+00
1.313499999999999943e+02,0.000000000000000000e+00,0.000000000000000000e+00
1.349000000000000057e+02,0.000000000000000000e+00,0.000000000000000000e+00
1.384500000000000171e+02,0.000000000000000000e+00,0.000000000000000000e+00
1.420000000000000000e+02,0.000000000000000000e+00,0.000000000000000000e+00
1.455500000000000114e+02,0.000000000000000000e+00,0.000000000000000000e+00
1.490999999999999943e+02,0.000000000000000000e+00,0.000000000000000000e+00
1.526500000000000057e+02,0.000000000000000000e+00,0.000000000000000000e+00
1.561999999999999886e+02,0.000000000000000000e+00,0.000000000000000000e+00
1.597500000000000000e+02,0.000000000000000000e+00,0.000000000000000000e+00
1.633000000000000114e+02,0.000000000000000000e+00,0.000000000000000000e+00
1.668500000000000227e+02,0.000000000000000000e+00,0.000000000000000000e+00
1.704000000000000057e+02,0.000000000000000000e+00,0.000000000000000000e+00
1.739499999999999886e+02,0.000000000000000000e+00,0.000000000000000000e+00
1.775000000000000000e+02,0.000000000000000000e+00,0.000000000000000000e+00
1.810500000000000114e+02,0.000000000000000000e+00,0.000000000000000000e+00
1.845999999999999943e+02,0.000000000000000000e+00,0.000000000000000000e+00
1.881500000000000057e+02,0.000000000000000000e+00,0.000000000000000000e+00
1.917000000000000171e+02,0.000000000000000000e+00,0.000000000000000000e+00
1.952500000000000284e+02,0.000000000000000000e+00,0.000000000000000000e+00
1.988000000000000114e+02,0.000000000000000000e+00,0.000000000000000000e+00
2.023500000000000227e+02,0.000000000000000000e+00,0.000000000000000000e+00
2.058999999999999773e+02,0.000000000000000000e+00,0.000000000000000000e+00
2.094499999999999886e+02,0.000000000000000000e+00,0.000000000000000000e+00
2.130000000000000000e+02,0.000000000000000000e+00,0.000000000000000000e+00
2.165499999999999829e+02,0.000000000000000000e+00,0.000000000000000000e+00
2.200999999999999943e+02,0.000000000000000000e+00,0.000000000000000000e+00
2.236500000000000057e+02,0.000000000000000000e+00,0.000000000000000000e+00
2.272000000000000171e+02,0.000000000000000000e+00,0.000000000000000000e+00
2.307500000000000000e+02,0.000000000000000000e+00,0.000000000000000000e+00
2.343000000000000114e+02,0.000000000000000000e+00,0.000000000000000000e+00
2.378500000000000227e+02,0.000000000000000000e+00,0.000000000000000000e+00
2.414000000000000057e+02,0.000000000000000000e+00,0.000000000000000000e+00
2.449500000000000171e+02,0.000000000000000000e+00,0.000000000000000000e+00
2.485000000000000284e+02,0.000000000000000000e+00,0.000000000000000000e+00
2.520499999999999829e+02,0.000000000000000000e+00,0.000000000000000000e+00
2.555999999999999943e+02,0.000000000000000000e+00,0.000000000000000000e+00
2.591499999999999773e+02,0.000000000000000000e+00,0.000000000000000000e+00
2.626999999999999886e+02,0.000000000000000000e+00,0.000000000000000000e+00
2.662500000000000000e+02,0.000000000000000000e+00,0.000000000000000000e+00
2.698000000000000114e+02,0.000000000000000000e+00,0.000000000000000000e+00
2.733500000000000227e+02,0.000000000000000000e+00,0.000000000000000000e+00
2.769000000000000341e+02,0.000000000000000000e+00,0.000000000000000000e+00
2.804499999999999886e+02,0.000000000000000000e+00,0.000000000000000000e+00
2.840000000000000000e+02,0.000000000000000000e+00,0.000000000000000000e+00
2.875500000000000114e+02,0.000000000000000000e+00,0.000000000000000000e+00
2.911000000000000227e+02,0.000000000000000000e+00,0.000000000000000000e+00
2.946500000000000341e+02,0.000000000000000000e+00,0.000000000000000000e+00
2.981999999999999886e+02,0.000000000000000000e+00,0.000000000000000000e+00
3.017500000000000000e+02,0.000000000000000000e+00,0.000000000000000000e+00
3.053000000000000114e+02,0.000000000000000000e+00,0.000000000000000000e+00
3.088500000000000227e+02,0.000000000000000000e+00,0.000000000000000000e+00
3.123999999999999773e+02,0.000000000000000000e+00,0.000000000000000000e+00
3.159499999999999886e+02,0.000000000000000000e+00,0.000000000000000000e+00
3.195000000000000000e+02,0.000000000000000000e+00,0.000000000000000000e+00
3.230500000000000114e+02,0.000000000000000000e+00,0.000000000000000000e+00
3.266000000000000227e+02,0.000000000000000000e+00,0.000000000000000000e+00
3.301500000000000341e+02,0.000000000000000000e+00,0.000000000000000000e+00
3.337000000000000455e+02,0.000000000000000000e+00,0.000000000000000000e+00
3.372500000000000000e+02,0.000000000000000000e+00,0.000000000000000000e+00
3.408000000000000114e+02,0.000000000000000000e+00,0.000000000000000000e+00
3.443499999999999659e+02,0.000000000000000000e+00,0.000000000000000000e+00
3.478999999999999773e+02,0.000000000000000000e+00,0.000000000000000000e+00
3.514499999999999886e+02,0.000000000000000000e+00,0.000000000000000000e+00
3.550000000000000000e+02,0.000000000000000000e+00,0.000000000000000000e+00
