1.0 0.0
0.9996940026593932 0.0024548548714079916
0.9987947375120649 0.0047594739303707355
0.9973572391067314 0.006772815716257411
0.9954694815812242 0.008371664782625285
0.9932469946920468 0.009458172417006347
0.9908257934547233 0.009965844930066699
0.9883540540971927 0.009863613034027224
0.9859830457534703 0.009157733266550575
0.9838578728731033 0.007891405093963936
0.9821085949060361 0.00614212712689668
0.9808422667334494 0.004016954246529694
0.9801363869659727 0.0016459459028073404
0.9800341550699333 -0.0008257934547233243
0.9805418275829937 -0.003246994692046834
0.9816283352173747 -0.00546948158122427
0.9832271842837426 -0.007357239106731316
0.9852405260696293 -0.008794737512064893
0.987545145128592 -0.009694002659393304
0.99 -0.01
0.99 0.01
0.980101010101 0.010099989797
0.970202020202 0.0101979389858
0.960303030303 0.0102938475666
0.950404040404 0.0103877155392
0.940505050505 0.0104795429038
0.930606060606 0.0105693296602
0.920707070707 0.0106570758086
0.910808080808 0.0107427813488
0.900909090909 0.010826446281
0.89101010101 0.010908070605
0.881111111111 0.010987654321
0.871212121212 0.0110651974288
0.861313131313 0.0111406999286
0.851414141414 0.0112141618202
0.841515151515 0.0112855831038
0.831616161616 0.0113549637792
0.821717171717 0.0114223038465
0.811818181818 0.0114876033058
0.801919191919 0.0115508621569
0.79202020202 0.0116120804
0.782121212121 0.0116712580349
0.772222222222 0.0117283950617
0.762323232323 0.0117834914805
0.752424242424 0.0118365472911
0.742525252525 0.0118875624936
0.732626262626 0.0119365370881
0.722727272727 0.0119834710744
0.712828282828 0.0120283644526
0.702929292929 0.0120712172227
0.69303030303 0.0121120293848
0.683131313131 0.0121508009387
0.673232323232 0.0121875318845
0.663333333333 0.0122222222222
0.653434343434 0.0122548719518
0.643535353535 0.0122854810734
0.633636363636 0.0123140495868
0.623737373737 0.0123405774921
0.613838383838 0.0123650647893
0.603939393939 0.0123875114784
0.59404040404 0.0124079175594
0.584141414141 0.0124262830323
0.574242424242 0.0124426078972
0.564343434343 0.0124568921539
0.554444444444 0.0124691358025
0.544545454545 0.012479338843
0.534646464646 0.0124875012754
0.524747474747 0.0124936230997
0.514848484848 0.0124977043159
0.504949494949 0.012499744924
0.495050505051 0.012499744924
0.485151515152 0.0124977043159
0.475252525253 0.0124936230997
0.465353535354 0.0124875012754
0.455454545455 0.012479338843
0.445555555556 0.0124691358025
0.435656565657 0.0124568921539
0.425757575758 0.0124426078972
0.415858585859 0.0124262830323
0.40595959596 0.0124079175594
0.396060606061 0.0123875114784
0.386161616162 0.0123650647893
0.376262626263 0.0123405774921
0.366363636364 0.0123140495868
0.356464646465 0.0122854810734
0.346565656566 0.0122548719518
0.336666666667 0.0122222222222
0.326767676768 0.0121875318845
0.316868686869 0.0121508009387
0.30696969697 0.0121120293848
0.297070707071 0.0120712172227
0.287171717172 0.0120283644526
0.277272727273 0.0119834710744
0.267373737374 0.0119365370881
0.257474747475 0.0118875624936
0.247575757576 0.0118365472911
0.237676767677 0.0117834914805
0.227777777778 0.0117283950617
0.217878787879 0.0116712580349
0.20797979798 0.0116120804
0.198080808081 0.0115508621569
0.188181818182 0.0114876033058
0.178282828283 0.0114223038465
0.168383838384 0.0113549637792
0.158484848485 0.0112855831038
0.148585858586 0.0112141618202
0.138686868687 0.0111406999286
0.128787878788 0.0110651974288
0.118888888889 0.010987654321
0.10898989899 0.010908070605
0.0990909090909 0.010826446281
0.0891919191919 0.0107427813488
0.0792929292929 0.0106570758086
0.0693939393939 0.0105693296602
0.0594949494949 0.0104795429038
0.049595959596 0.0103877155392
0.039696969697 0.0102938475666
0.029797979798 0.0101979389858
0.019898989899 0.010099989797
0.01 0.01
0.00835405409719266 0.009863613034027224
0.006753005307953164 0.009458172417006347
0.005240526069629263 0.00879473751206489
0.003857872873103322 0.007891405093963936
0.002642760893268683 0.006772815716257411
0.0016283352173747147 0.005469481581224269
0.000842266733449426 0.004016954246529695
0.00030599734060669624 0.002454854871407992
3.415506993330153e-05 0.0008257934547233234
3.415506993330153e-05 -0.0008257934547233234
0.00030599734060669624 -0.002454854871407992
0.0008422667334494249 -0.004016954246529693
0.0016283352173747136 -0.0054694815812242675
0.002642760893268683 -0.00677281571625741
0.003857872873103321 -0.007891405093963936
0.005240526069629263 -0.00879473751206489
0.006753005307953164 -0.009458172417006347
0.00835405409719266 -0.009863613034027224
0.01 -0.01
0.019898989899 -0.010099989797
0.029797979798 -0.0101979389858
0.039696969697 -0.0102938475666
0.049595959596 -0.0103877155392
0.0594949494949 -0.0104795429038
0.0693939393939 -0.0105693296602
0.0792929292929 -0.0106570758086
0.0891919191919 -0.0107427813488
0.0990909090909 -0.010826446281
0.10898989899 -0.010908070605
0.118888888889 -0.010987654321
0.128787878788 -0.0110651974288
0.138686868687 -0.0111406999286
0.148585858586 -0.0112141618202
0.158484848485 -0.0112855831038
0.168383838384 -0.0113549637792
0.178282828283 -0.0114223038465
0.188181818182 -0.0114876033058
0.198080808081 -0.0115508621569
0.20797979798 -0.0116120804
0.217878787879 -0.0116712580349
0.227777777778 -0.0117283950617
0.237676767677 -0.0117834914805
0.247575757576 -0.0118365472911
0.257474747475 -0.0118875624936
0.267373737374 -0.0119365370881
0.277272727273 -0.0119834710744
0.287171717172 -0.0120283644526
0.297070707071 -0.0120712172227
0.30696969697 -0.0121120293848
0.316868686869 -0.0121508009387
0.326767676768 -0.0121875318845
0.336666666667 -0.0122222222222
0.346565656566 -0.0122548719518
0.356464646465 -0.0122854810734
0.366363636364 -0.0123140495868
0.376262626263 -0.0123405774921
0.386161616162 -0.0123650647893
0.396060606061 -0.0123875114784
0.40595959596 -0.0124079175594
0.415858585859 -0.0124262830323
0.425757575758 -0.0124426078972
0.435656565657 -0.0124568921539
0.445555555556 -0.0124691358025
0.455454545455 -0.012479338843
0.465353535354 -0.0124875012754
0.475252525253 -0.0124936230997
0.485151515152 -0.0124977043159
0.495050505051 -0.012499744924
0.504949494949 -0.012499744924
0.514848484848 -0.0124977043159
0.524747474747 -0.0124936230997
0.534646464646 -0.0124875012754
0.544545454545 -0.012479338843
0.554444444444 -0.0124691358025
0.564343434343 -0.0124568921539
0.574242424242 -0.0124426078972
0.584141414141 -0.0124262830323
0.59404040404 -0.0124079175594
0.603939393939 -0.0123875114784
0.613838383838 -0.0123650647893
0.623737373737 -0.0123405774921
0.633636363636 -0.0123140495868
0.643535353535 -0.0122854810734
0.653434343434 -0.0122548719518
0.663333333333 -0.0122222222222
0.673232323232 -0.0121875318845
0.683131313131 -0.0121508009387
0.69303030303 -0.0121120293848
0.702929292929 -0.0120712172227
0.712828282828 -0.0120283644526
0.722727272727 -0.0119834710744
0.732626262626 -0.0119365370881
0.742525252525 -0.0118875624936
0.752424242424 -0.0118365472911
0.762323232323 -0.0117834914805
0.772222222222 -0.0117283950617
0.782121212121 -0.0116712580349
0.79202020202 -0.0116120804
0.801919191919 -0.0115508621569
0.811818181818 -0.0114876033058
0.821717171717 -0.0114223038465
0.831616161616 -0.0113549637792
0.841515151515 -0.0112855831038
0.851414141414 -0.0112141618202
0.861313131313 -0.0111406999286
0.871212121212 -0.0110651974288
0.881111111111 -0.010987654321
0.89101010101 -0.010908070605
0.900909090909 -0.010826446281
0.910808080808 -0.0107427813488
0.920707070707 -0.0106570758086
0.930606060606 -0.0105693296602
0.940505050505 -0.0104795429038
0.950404040404 -0.0103877155392
0.960303030303 -0.0102938475666
0.970202020202 -0.0101979389858
0.980101010101 -0.010099989797
0.99 -0.01
0.9908257934547233 -0.009965844930066699
0.9916459459028073 -0.009863613034027224
0.992454854871408 -0.009694002659393304
0.9932469946920468 -0.009458172417006347
0.9940169542465296 -0.009157733266550575
0.9947594739303707 -0.00879473751206489
0.9954694815812242 -0.008371664782625285
0.9961421271268966 -0.007891405093963936
0.9967728157162574 -0.007357239106731316
0.9973572391067314 -0.006772815716257411
0.997891405093964 -0.006142127126896678
0.9983716647826253 -0.005469481581224269
0.9987947375120649 -0.0047594739303707355
0.9991577332665507 -0.004016954246529695
0.9994581724170064 -0.003246994692046835
0.9996940026593932 -0.002454854871407992
0.9998636130340273 -0.0016459459028073393
0.9999658449300668 -0.0008257934547233234
1.0 0.0
