-0.062
-0.056
-0.064
-0.058
-0.041
-0.004
-0.065
-0.026
-0.025
-0.048
-0.085
-0.032
-0.043
-0.010
-0.054
-0.036
-0.053
-0.060
-0.069
-0.059
-0.063
-0.042
-0.008
-0.083
-0.154
-0.075
-0.062
-0.053
-0.033
-0.072
-0.069
-0.206
-0.037
-0.058
-0.026
-0.064
-0.057
-0.029
0.019
-0.023
-0.072
-0.029
-0.062
-0.051
-0.056
-0.054
-0.071
-0.152
-0.069
-0.046
-0.066
-0.084
-0.065
-0.052
-0.064
-0.026
-0.026
-0.024
-0.025
-0.050
-0.052
-0.055
-0.062
-0.088
-0.241
-0.008
-0.112
-0.081
-0.060
-0.059
-0.057
-0.067
-0.052
-0.100
-0.014
-0.061
-0.064
-0.062
-0.057
-0.040
-0.220
-0.091
-0.052
-0.109
-0.064
-0.055
-0.067
0.014
-0.057
-0.062
0.017
-0.029
-0.053
-0.039
-0.056
-0.058
-0.080
-0.093
-0.035
-0.028
-0.061
-0.058
-0.055
-0.058
0.055
-0.069
-0.059
0.198
-0.059
-0.068
-0.076
-0.055
-0.078
0.159
-0.059
-0.045
-0.061
-0.063
-0.060
-0.063
-0.063
-0.033
0.035
-0.127
-0.040
-0.100
-0.074
-0.048
-0.056
-0.056
-0.090
-0.087
-0.042
0.010
-0.067
-0.069
-0.061
-0.079
-0.068
-0.051
-0.054
-0.024
0.069
-0.055
-0.059
-0.033
0.010
-0.066
-0.004
0.009
-0.092
0.002
-0.062
-0.060
-0.035
-0.141
-0.036
0.039
-0.052
-0.047
-0.062
-0.049
-0.038
-0.071
-0.061
0.007
-0.058
-0.056
-0.069
-0.059
-0.053
-0.070
-0.046
-0.040
-0.112
-0.071
-0.074
-0.059
-0.058
-0.066
-0.058
-0.163
-0.057
-0.052
-0.069
-0.058
-0.066
0.115
-0.105
-0.076
-0.100
-0.025
-0.045
-0.003
-0.057
-0.061
-0.056
-0.093
-0.070
0.006
-0.100
-0.054
-0.058
-0.061
-0.080
-0.122
-0.079
-0.144
-0.053
-0.051
-0.053
-0.057
-0.038
-0.064
-0.084
-0.067
-0.084
-0.084
-0.125
-0.060
-0.058
0.046
-0.074
-0.104
-0.116
-0.049
-0.055
-0.054
-0.056
-0.059
0.003
-0.051
-0.061
-0.047
-0.074
-0.066
-0.064
-0.040
-0.039
-0.051
-0.088
-0.062
-0.062
-0.052
-0.053
-0.056
-0.063
-0.047
-0.042
-0.021
-0.067
-0.065
-0.062
-0.057
0.041
-0.066
-0.039
-0.029
-0.057
0.010
-0.049
-0.055
0.017
-0.057
-0.071
-0.026
-0.131
-0.060
-0.055
-0.061
-0.057
-0.061
-0.025
-0.018
-0.034
-0.066
-0.039
-0.053
-0.057
-0.043
0.021
-0.031
0.032
-0.070
-0.040
-0.061
-0.059
0.084
-0.051
-0.049
-0.061
-0.070
-0.026
-0.060
-0.055
-0.057
-0.065
-0.077
0.120
-0.042
-0.063
-0.040
-0.059
-0.059
-0.068
-0.086
-0.051
-0.065
-0.053
-0.047
-0.057
-0.055
0.001
-0.052
0.020
-0.047
-0.036
0.064
-0.062
-0.059
-0.045
-0.066
-0.101
-0.053
-0.042
-0.012
-0.059
-0.059
-0.055
-0.182
-0.041
-0.052
-0.090
-0.066
-0.082
-0.065
-0.062
-0.031
-0.064
-0.116
-0.084
-0.075
-0.043
-0.060
-0.058
-0.059
-0.066
-0.071
-0.072
-0.024
-0.098
-0.059
-0.066
-0.064
-0.062
-0.036
-0.089
-0.092
-0.046
-0.055
-0.055
-0.055
-0.188
-0.048
-0.095
-0.029
-0.050
-0.038
-0.051
-0.055
-0.062
-0.055
-0.066
0.002
-0.066
-0.059
0.013
-0.053
-0.051
-0.074
-0.026
0.008
-0.062
-0.043
-0.043
-0.057
-0.059
-0.127
-0.073
-0.107
-0.030
-0.040
-0.050
-0.057
-0.059
-0.060
-0.047
-0.064
-0.067
-0.253
-0.044
-0.070
-0.061
-0.056
-0.018
-0.039
-0.135
-0.027
-0.016
-0.065
-0.056
-0.059
-0.054
-0.053
-0.120
0.183
-0.151
-0.051
-0.060
-0.052
-0.048
-0.042
-0.059
-0.076
0.001
0.145
-0.050
-0.058
-0.058
-0.065
-0.065
-0.069
-0.092
0.005
-0.075
-0.064
-0.059
-0.057
-0.040
-0.046
-0.012
-0.104
-0.047
-0.063
-0.062
-0.053
-0.058
-0.057
-0.244
-0.055
-0.059
-0.050
-0.054
-0.062
-0.046
-0.014
-0.038
-0.041
-0.132
-0.042
-0.057
-0.060
-0.108
-0.012
-0.066
-0.059
-0.095
-0.066
-0.055
-0.061
-0.059
-0.068
-0.041
-0.038
-0.085
-0.042
-0.059
-0.057
-0.063
-0.091
-0.059
0.086
-0.049
-0.064
-0.056
-0.068
-0.068
-0.172
-0.086
-0.018
0.006
-0.083
-0.044
-0.062
-0.057
-0.060
-0.082
-0.053
0.010
-0.085
-0.046
-0.058
-0.065
-0.058
-0.058
-0.034
-0.009
-0.050
-0.060
-0.113
-0.057
-0.055
-0.008
-0.099
-0.050
-0.027
-0.069
-0.070
-0.059
-0.061
-0.059
-0.058
-0.069
0.038
-0.046
-0.063
-0.071
-0.056
-0.061
-0.043
-0.072
-0.028
-0.297
-0.036
-0.063
-0.064
-0.059
-0.057
-0.054
-0.055
-0.096
-0.051
-0.055
-0.043
-0.059
-0.055
-0.064
-0.051
-0.059
-0.060
-0.060
-0.054
-0.062
-0.063
-0.072
0.060
-0.077
-0.060
-0.027
-0.048
-0.047
-0.056
0.017
-0.043
-0.022
-0.067
0.006
-0.062
-0.002
-0.061
-0.056
-0.123
-0.013
0.002
-0.043
-0.010
-0.067
-0.057
-0.057
-0.168
-0.081
-0.077
-0.091
-0.015
-0.052
-0.071
-0.073
-0.121
0.051
-0.049
-0.061
-0.063
-0.057
-0.057
-0.057
-0.053
-0.048
-0.056
-0.023
-0.093
-0.263
-0.061
-0.062
-0.075
-0.075
-0.074
-0.042
-0.041
-0.027
-0.056
-0.058
-0.052
-0.041
-0.077
-0.028
-0.040
-0.136
-0.095
-0.067
-0.060
-0.059
-0.061
-0.031
-0.053
-0.045
-0.024
-0.065
-0.055
-0.062
-0.044
-0.058
-0.038
-0.049
-0.050
-0.056
-0.055
-0.063
-0.133
-0.052
-0.066
-0.039
0.037
-0.047
-0.056
-0.056
-0.063
-0.056
-0.068
-0.040
0.204
-0.059
-0.050
-0.060
-0.058
0.053
-0.070
-0.047
-0.041
-0.035
-0.036
-0.047
-0.056
-0.100
-0.071
-0.122
-0.055
-0.057
-0.072
-0.054
-0.059
-0.059
-0.076
-0.039
-0.058
-0.106
-0.056
-0.056
-0.055
-0.062
-0.058
-0.059
-0.018
0.015
-0.078
-0.059
-0.067
-0.062
-0.044
-0.089
-0.037
-0.082
-0.069
0.090
-0.063
-0.060
-0.056
-0.062
-0.080
-0.059
-0.075
-0.056
-0.063
-0.058
-0.061
-0.053
-0.052
-0.062
-0.053
-0.068
-0.053
-0.054
-0.061
-0.188
-0.073
-0.072
-0.037
-0.056
-0.069
-0.057
-0.056
-0.056
-0.049
-0.056
-0.012
-0.309
-0.017
-0.061
-0.055
-0.053
-0.056
-0.077
0.209
0.044
-0.017
-0.063
-0.043
-0.051
-0.066
-0.035
-0.015
-0.088
-0.048
-0.037
-0.041
-0.033
-0.053
-0.031
-0.078
-0.055
-0.042
-0.052
-0.060
-0.058
-0.055
-0.051
-0.065
-0.077
-0.117
-0.050
-0.062
-0.054
-0.057
-0.041
-0.251
-0.037
-0.065
-0.026
-0.065
-0.043
-0.061
-0.054
-0.055
0.027
0.176
-0.065
-0.072
-0.050
-0.064
-0.062
-0.031
-0.149
-0.032
-0.059
-0.095
-0.060
-0.069
-0.058
-0.190
-0.057
-0.021
0.174
-0.058
-0.046
-0.058
-0.059
-0.060
-0.076
-0.079
-0.041
0.073
-0.079
-0.059
-0.059
-0.061
-0.064
-0.056
-0.032
-0.059
-0.006
-0.051
-0.058
-0.052
-0.057
-0.069
-0.027
-0.022
-0.109
-0.053
-0.061
-0.061
-0.058
-0.066
-0.033
-0.031
0.029
-0.053
-0.064
-0.053
-0.057
-0.005
-0.037
-0.063
-0.053
0.002
-0.061
-0.061
-0.069
-0.030
0.070
0.040
-0.040
-0.079
-0.034
-0.068
-0.057
-0.055
-0.034
-0.063
-0.053
0.002
-0.058
-0.061
-0.065
-0.061
-0.052
-0.066
-0.096
-0.060
-0.023
-0.063
-0.057
-0.050
-0.106
-0.077
-0.102
-0.083
-0.070
-0.101
-0.072
-0.057
-0.060
-0.041
-0.041
-0.066
0.009
-0.042
-0.050
-0.053
-0.055
-0.066
0.006
-0.044
-0.053
-0.036
-0.077
-0.063
-0.043
-0.100
-0.040
-0.043
-0.068
-0.036
-0.049
-0.049
-0.060
-0.048
-0.048
-0.065
-0.045
-0.079
-0.056
-0.068
-0.059
-0.064
-0.076
-0.082
-0.041
-0.048
-0.061
-0.061
-0.059
-0.060
-0.002
-0.062
-0.007
-0.070
0.026
-0.058
-0.058
-0.060
-0.062
-0.059
-0.055
-0.010
-0.073
-0.059
-0.057
-0.057
-0.055
0.060
-0.058
-0.096
-0.033
-0.071
-0.052
-0.060
-0.057
-0.048
-0.048
-0.062
-0.026
-0.059
-0.106
-0.055
-0.053
-0.054
-0.109
-0.058
-0.291
-0.051
-0.054
-0.044
-0.059
-0.064
-0.052
-0.048
-0.059
-0.059
-0.031
-0.062
-0.026
-0.057
-0.129
-0.067
-0.077
-0.062
-0.050
-0.084
-0.072
-0.061
-0.059
-0.059
-0.052
-0.001
0.029
-0.032
-0.022
-0.053
-0.058
-0.028
-0.082
-0.024
-0.073
-0.090
-0.064
-0.046
-0.059
-0.065
-0.053
-0.065
-0.066
-0.040
-0.050
-0.099
-0.067
-0.066
-0.043
-0.103
-0.176
-0.064
-0.074
-0.061
-0.061
-0.048
-0.064
-0.057
-0.051
-0.069
-0.055
-0.055
-0.049
-0.053
-0.011
-0.125
-0.067
-0.057
-0.077
-0.051
-0.015
-0.059
-0.056
-0.048
-0.078
0.020
-0.053
-0.056
-0.062
-0.051
-0.060
-0.065
-0.089
-0.154
-0.059
-0.059
-0.073
-0.062
-0.059
-0.056
-0.055
-0.047
-0.148
-0.020
-0.064
-0.060
-0.054
-0.055
-0.067
-0.042
0.223
-0.068
-0.069
-0.064
-0.058
-0.058
-0.057
-0.042
-0.103
-0.137
-0.062
-0.053
-0.052
-0.053
-0.118
-0.068
-0.070
-0.152
-0.021
-0.193
-0.057
-0.059
-0.059
-0.053
0.043
-0.053
-0.024
-0.053
0.014
-0.054
-0.055
-0.053
-0.032
-0.261
0.022
-0.104
-0.091
-0.063
-0.056
-0.053
-0.066
-0.035
-0.107
-0.049
-0.066
-0.061
-0.050
-0.053
-0.048
-0.002
-0.030
-0.082
-0.048
-0.067
-0.058
-0.057
0.073
-0.045
0.182
-0.019
-0.073
-0.053
-0.053
-0.054
-0.055
-0.031
-0.086
-0.114
-0.018
-0.076
-0.058
-0.061
-0.052
-0.032
-0.049
-0.016
-0.040
-0.062
-0.060
-0.058
-0.062
-0.064
-0.050
-0.058
-0.067
-0.077
-0.055
-0.060
-0.050
-0.059
-0.070
-0.107
-0.044
-0.034
-0.030
-0.052
-0.052
-0.051
-0.048
-0.072
-0.087
-0.298
-0.055
-0.053
-0.054
-0.063
-0.069
-0.040
-0.029
-0.017
0.103
-0.065
-0.048
-0.057
-0.066
-0.071
-0.072
-0.079
-0.064
-0.146
-0.057
-0.056
-0.058
-0.077
0.155
-0.024
0.013
-0.148
-0.082
-0.048
-0.053
-0.035
-0.049
-0.070
-0.065
-0.049
-0.057
-0.064
-0.052
-0.054
-0.015
-0.049
-0.070
-0.114
-0.056
-0.057
-0.056
-0.056
-0.042
-0.072
-0.029
-0.080
-0.067
-0.056
-0.058
-0.058
-0.050
-0.055
-0.002
-0.037
-0.015
-0.051
-0.055
-0.043
-0.050
-0.066
-0.065
-0.012
-0.083
-0.055
-0.052
-0.055
-0.062
-0.123
-0.036
-0.034
-0.051
-0.044
-0.052
-0.049
-0.048
-0.071
-0.101
-0.045
-0.064
-0.063
-0.055
-0.051
-0.054
-0.061
-0.012
-0.053
-0.036
-0.099
-0.047
-0.078
-0.055
-0.054
-0.070
-0.023
-0.053
-0.080
-0.045
-0.063
-0.062
-0.053
-0.060
-0.056
-0.054
-0.101
-0.048
-0.031
-0.054
-0.054
-0.047
-0.045
-0.064
-0.070
-0.090
-0.071
-0.061
-0.061
-0.065
-0.062
-0.032
-0.093
-0.033
-0.047
-0.045
-0.050
-0.054
-0.085
-0.070
-0.066
-0.053
-0.057
-0.074
-0.056
-0.057
-0.073
-0.056
-0.048
-0.049
-0.069
-0.054
-0.060
-0.049
-0.051
0.005
-0.096
-0.066
-0.099
-0.049
-0.011
-0.057
-0.050
-0.053
-0.001
-0.075
-0.129
-0.052
-0.055
-0.047
-0.051
-0.001
-0.038
-0.027
-0.066
-0.060
-0.042
-0.055
-0.051
-0.054
-0.057
-0.043
-0.061
-0.065
-0.040
-0.050
-0.050
-0.056
-0.071
-0.084
-0.104
0.037
-0.052
-0.067
-0.057
-0.060
-0.156
-0.046
0.159
-0.028
-0.032
-0.048
-0.050
-0.062
-0.052
-0.062
0.212
-0.019
0.007
-0.046
-0.056
-0.060
-0.053
-0.059
-0.087
0.105
-0.047
-0.068
-0.040
-0.069
-0.061
-0.063
-0.134
-0.056
-0.022
-0.015
-0.058
-0.044
-0.060
-0.054
-0.043
-0.017
-0.387
-0.052
-0.029
-0.066
-0.057
-0.057
-0.137
-0.078
-0.035
-0.030
-0.037
-0.051
-0.068
-0.056
-0.116
-0.091
-0.038
-0.056
0.128
-0.013
-0.044
-0.056
-0.057
-0.063
-0.063
-0.079
-0.004
-0.075
-0.091
-0.052
-0.055
-0.075
-0.032
-0.057
-0.039
0.027
-0.051
-0.045
-0.051
-0.055
-0.059
-0.102
-0.262
-0.072
0.023
-0.049
-0.057
-0.057
-0.066
-0.043
-0.040
-0.068
-0.049
-0.057
-0.054
-0.052
-0.050
-0.077
-0.057
-0.086
-0.053
-0.053
-0.051
-0.055
-0.056
-0.325
-0.042
-0.040
-0.029
-0.049
-0.067
-0.063
-0.052
-0.066
-0.076
-0.039
-0.089
-0.058
-0.062
-0.055
-0.065
-0.056
-0.031
-0.045
-0.004
-0.043
-0.106
-0.052
-0.056
-0.043
-0.045
-0.139
0.039
0.006
-0.055
-0.059
-0.052
-0.055
0.018
-0.024
-0.072
0.196
-0.065
-0.037
-0.049
-0.060
-0.051
-0.075
0.054
0.047
-0.080
-0.054
-0.056
-0.053
-0.060
-0.178
-0.038
-0.052
-0.071
-0.177
-0.052
-0.052
-0.052
-0.052
-0.036
-0.029
-0.061
-0.094
-0.053
-0.056
-0.060
-0.051
-0.050
-0.072
-0.033
-0.045
-0.042
-0.053
-0.055
-0.005
-0.012
-0.046
-0.030
-0.060
-0.055
-0.056
-0.070
-0.081
-0.045
-0.079
0.003
-0.033
-0.052
-0.050
-0.049
-0.057
-0.058
-0.057
-0.017
-0.021
-0.086
-0.042
-0.063
-0.057
-0.049
-0.036
-0.096
-0.033
-0.039
-0.037
-0.038
-0.052
-0.054
0.124
-0.068
-0.063
-0.101
-0.014
-0.059
-0.050
-0.051
-0.056
-0.050
-0.034
-0.048
0.064
-0.052
-0.051
-0.046
-0.051
-0.113
-0.023
-0.008
0.021
-0.079
-0.095
-0.056
-0.054
-0.061
-0.031
-0.040
-0.070
-0.052
-0.123
-0.055
-0.055
-0.061
-0.028
0.210
-0.061
-0.094
-0.055
-0.052
-0.060
-0.064
-0.002
-0.033
-0.023
-0.076
-0.044
-0.059
-0.054
-0.057
-0.047
-0.061
-0.073
-0.076
-0.061
-0.045
-0.053
-0.057
-0.051
-0.068
-0.070
-0.053
-0.030
-0.066
-0.050
-0.055
-0.049
-0.048
0.015
-0.037
-0.037
-0.059
-0.056
-0.062
-0.057
0.052
0.014
-0.063
0.136
-0.061
-0.049
-0.048
-0.050
-0.053
-0.058
-0.018
-0.003
-0.021
-0.083
-0.057
-0.052
-0.047
-0.005
-0.031
-0.084
-0.042
-0.027
-0.103
-0.051
-0.052
-0.052
-0.087
-0.092
-0.074
-0.048
-0.067
-0.055
-0.050
-0.051
-0.076
-0.010
-0.082
-0.052
-0.051
-0.046
-0.048
-0.078
0.016
-0.054
-0.053
-0.058
-0.077
-0.057
-0.033
-0.053
-0.049
-0.085
0.132
-0.054
-0.034
-0.051
-0.052
-0.053
-0.060
-0.053
-0.088
-0.185
-0.055
-0.057
-0.057
-0.053
-0.042
-0.054
-0.094
0.052
-0.038
-0.032
-0.056
-0.053
-0.050
-0.008
-0.060
-0.067
-0.064
-0.017
-0.059
-0.057
-0.061
0.019
0.129
-0.130
-0.010
0.009
-0.091
-0.036
-0.052
-0.080
-0.037
-0.089
-0.159
0.069
-0.047
-0.058
-0.040
-0.011
-0.055
0.197
-0.019
-0.080
-0.115
-0.058
-0.053
-0.056
-0.038
-0.041
0.126
-0.069
-0.033
-0.079
-0.061
-0.054
-0.026
-0.113
-0.041
-0.046
-0.111
-0.050
-0.044
-0.049
-0.049
-0.051
-0.063
-0.062
-0.054
-0.055
-0.043
-0.053
-0.054
-0.059
-0.037
-0.033
-0.060
-0.025
-0.053
-0.043
-0.053
-0.066
-0.074
-0.044
-0.088
-0.067
-0.039
-0.045
-0.051
-0.055
-0.047
-0.043
-0.060
-0.012
-0.095
-0.046
-0.047
-0.061
-0.007
-0.198
-0.060
-0.070
-0.078
-0.047
-0.052
-0.055
-0.037
-0.139
-0.051
-0.057
-0.073
-0.057
-0.042
-0.050
-0.051
-0.043
-0.052
-0.075
-0.068
-0.086
-0.059
-0.054
-0.055
-0.081
-0.025
-0.049
-0.099
-0.054
-0.046
-0.050
-0.048
-0.066
-0.128
-0.039
-0.053
-0.026
-0.033
-0.058
-0.055
-0.046
-0.095
-0.047
-0.035
-0.040
-0.049
-0.051
-0.052
-0.053
-0.022
0.015
-0.065
-0.001
-0.054
-0.055
-0.058
-0.050
-0.047
-0.064
-0.084
-0.105
-0.020
-0.058
-0.051
-0.051
-0.058
0.042
0.021
-0.070
-0.036
-0.093
-0.062
-0.061
-0.058
-0.151
-0.390
-0.002
-0.033
-0.008
-0.053
-0.042
-0.051
-0.040
-0.045
-0.053
-0.051
-0.097
-0.039
-0.062
-0.053
-0.048
-0.077
0.057
-0.135
-0.055
-0.064
-0.045
-0.044
-0.054
-0.053
-0.082
0.264
-0.055
-0.056
-0.046
-0.055
-0.048
-0.096
-0.046
-0.035
-0.065
-0.098
-0.049
-0.048
-0.053
-0.050
-0.110
-0.063
-0.014
-0.015
-0.062
-0.061
-0.053
-0.053
-0.079
-0.044
-0.030
-0.021
-0.056
-0.049
-0.053
-0.050
-0.060
-0.064
-0.059
-0.021
0.017
-0.056
-0.058
-0.054
-0.046
-0.036
-0.037
-0.031
-0.141
-0.050
-0.089
-0.048
-0.051
-0.092
0.025
-0.026
-0.073
-0.043
-0.061
-0.055
-0.053
-0.058
-0.054
-0.018
-0.044
-0.251
-0.067
-0.052
-0.051
-0.059
-0.068
-0.056
-0.024
-0.061
-0.051
-0.067
-0.053
-0.054
-0.041
-0.073
-0.040
-0.058
-0.047
-0.056
-0.047
-0.047
-0.031
-0.069
-0.020
-0.064
-0.056
-0.040
-0.053
-0.057
-0.056
-0.092
-0.012
-0.071
-0.012
-0.048
-0.021
-0.024
-0.047
-0.045
-0.045
-0.049
-0.057
-0.051
-0.048
-0.053
-0.053
-0.042
-0.018
-0.091
-0.034
-0.009
-0.047
-0.058
-0.047
-0.055
-0.028
-0.016
-0.282
0.005
-0.062
-0.064
-0.051
-0.051
-0.095
0.152
0.027
-0.053
-0.108
-0.049
-0.049
-0.050
-0.051
-0.064
-0.070
-0.048
-0.029
-0.062
-0.052
-0.053
-0.052
-0.058
-0.115
0.070
-0.027
-0.038
-0.074
-0.045
-0.053
-0.048
-0.040
0.023
-0.024
0.040
-0.046
-0.057
-0.054
-0.064
-0.009
-0.278
-0.026
-0.030
-0.031
-0.051
-0.052
-0.049
-0.055
0.011
-0.071
-0.076
-0.127
-0.117
-0.062
-0.051
-0.064
-0.083
0.151
-0.039
-0.049
-0.061
-0.053
-0.051
-0.043
-0.115
-0.044
-0.027
-0.078
-0.070
-0.058
-0.066
-0.033
-0.050
-0.046
-0.060
-0.077
-0.034
-0.042
-0.048
-0.043
-0.077
-0.028
-0.133
-0.077
-0.046
-0.067
-0.057
-0.055
-0.072
-0.047
-0.029
-0.067
-0.059
-0.040
-0.051
-0.049
0.048
-0.056
-0.057
-0.051
-0.059
-0.065
-0.058
-0.057
-0.055
-0.003
-0.043
-0.029
-0.087
-0.032
-0.048
-0.045
-0.055
-0.053
-0.074
-0.013
-0.283
-0.072
-0.057
-0.061
-0.049
-0.049
-0.068
-0.060
-0.100
-0.065
-0.057
-0.055
-0.052
-0.054
-0.035
-0.077
-0.053
-0.021
-0.051
-0.053
-0.055
-0.028
0.013
0.152
-0.038
-0.101
-0.037
-0.068
-0.048
-0.047
-0.049
-0.057
-0.049
0.027
-0.048
-0.058
-0.101
-0.055
-0.049
-0.049
0.009
-0.069
-0.037
-0.022
-0.007
-0.047
-0.049
-0.050
-0.042
-0.054
-0.030
-0.044
-0.056
-0.062
-0.052
-0.069
-0.039
-0.007
-0.063
-0.028
-0.029
-0.046
-0.045
-0.054
-0.071
0.269
-0.032
-0.141
-0.086
-0.056
-0.057
-0.047
-0.031
-0.050
-0.188
-0.009
-0.063
-0.053
-0.049
-0.048
-0.101
-0.052
-0.128
-0.017
-0.098
-0.044
-0.063
-0.050
-0.055
-0.060
-0.125
-0.086
-0.007
-0.088
-0.042
-0.045
-0.047
-0.038
-0.190
-0.041
-0.062
-0.094
-0.077
-0.052
-0.057
-0.059
-0.050
-0.077
-0.029
-0.099
-0.052
-0.016
-0.050
-0.050
-0.087
-0.047
-0.011
-0.268
-0.020
-0.045
-0.051
-0.053
-0.057
-0.042
-0.025
-0.051
-0.104
-0.043
-0.055
-0.048
-0.053
-0.047
-0.052
-0.059
0.062
-0.072
0.002
-0.050
-0.050
-0.160
-0.058
-0.002
-0.008
-0.048
-0.046
-0.052
-0.046
0.005
-0.061
-0.085
-0.064
-0.044
-0.056
-0.048
-0.060
-0.065
-0.040
-0.039
-0.041
-0.071
-0.003
-0.037
-0.050
-0.030
-0.048
-0.055
-0.057
-0.048
-0.051
-0.050
-0.051
-0.049
-0.025
0.011
-0.038
-0.067
-0.049
-0.023
-0.038
-0.048
-0.070
-0.042
-0.069
0.012
-0.054
-0.050
-0.069
-0.052
-0.052
-0.056
-0.042
-0.029
-0.050
-0.056
-0.049
-0.041
-0.044
-0.164
-0.036
-0.053
-0.005
-0.053
-0.016
-0.059
-0.053
-0.137
-0.060
-0.024
-0.000
-0.014
-0.020
-0.046
-0.045
-0.051
-0.098
-0.060
-0.075
-0.063
-0.019
-0.043
-0.049
-0.047
-0.035
-0.042
-0.011
-0.114
-0.053
-0.041
-0.044
-0.047
-0.055
-0.042
-0.099
-0.064
-0.077
-0.052
-0.051
-0.051
-0.045
-0.048
-0.012
-0.201
-0.033
-0.066
-0.043
-0.048
-0.045
-0.044
0.023
-0.028
-0.059
-0.040
-0.058
-0.053
-0.042
0.035
-0.008
0.007
-0.036
-0.001
-0.046
-0.057
-0.047
-0.054
-0.029
-0.058
-0.014
-0.174
-0.032
-0.057
-0.057
-0.057
-0.043
-0.039
-0.067
-0.042
-0.095
-0.050
-0.048
-0.049
0.065
-0.023
-0.133
-0.062
-0.152
-0.059
-0.061
-0.049
-0.050
0.019
-0.048
-0.007
-0.029
-0.032
-0.054
-0.052
-0.048
-0.036
-0.062
-0.002
0.055
-0.063
-0.045
-0.048
-0.060
0.044
-0.048
-0.035
-0.048
-0.050
0.000
-0.050
-0.046
-0.051
-0.062
-0.068
-0.021
-0.062
-0.048
-0.070
-0.055
-0.055
-0.041
0.000
-0.040
-0.042
-0.095
-0.040
-0.050
-0.046
0.024
-0.036
-0.038
-0.092
-0.035
-0.045
-0.047
-0.050
-0.048
-0.054
-0.034
-0.020
-0.050
-0.042
-0.046
-0.047
-0.052
-0.094
-0.035
0.029
0.014
-0.063
-0.075
-0.053
-0.054
0.007
-0.052
-0.014
-0.044
-0.045
-0.030
-0.034
-0.049
-0.045
-0.043
-0.172
-0.016
-0.035
-0.078
-0.042
-0.052
-0.051
-0.063
-0.127
0.015
0.056
-0.068
-0.042
-0.047
-0.048
0.028
-0.045
-0.058
-0.024
-0.047
-0.044
-0.060
-0.051
-0.053
-0.048
-0.078
0.000
-0.049
-0.055
-0.023
-0.048
-0.047
-0.006
-0.094
-0.005
-0.077
-0.043
-0.048
-0.049
-0.050
0.087
-0.063
-0.060
-0.254
-0.044
-0.048
-0.040
-0.039
-0.045
-0.063
-0.040
-0.001
0.106
-0.040
0.010
-0.056
-0.051
0.005
-0.022
-0.013
-0.035
-0.146
0.000
-0.048
-0.048
-0.019
-0.057
-0.014
-0.068
-0.047
-0.052
-0.054
-0.054
-0.053
-0.024
-0.208
-0.044
-0.044
-0.097
-0.055
-0.046
-0.050
-0.039
-0.067
-0.062
-0.027
-0.048
-0.009
-0.055
-0.048
-0.008
-0.080
-0.055
-0.038
-0.060
-0.016
-0.041
-0.041
-0.048
-0.055
-0.071
-0.078
-0.033
-0.048
-0.039
-0.053
-0.050
-0.052
-0.037
-0.034
-0.033
-0.046
-0.047
-0.036
-0.046
-0.035
-0.061
0.117
-0.096
-0.047
-0.082
-0.069
-0.050
-0.046
-0.058
-0.043
-0.038
-0.026
-0.040
-0.073
-0.055
-0.049
0.000
-0.024
-0.064
0.025
-0.057
-0.044
-0.056
-0.058
-0.248
-0.057
-0.016
-0.058
-0.028
-0.037
-0.037
-0.045
-0.049
-0.046
-0.053
-0.056
-0.059
-0.012
-0.049
-0.055
-0.048
-0.047
-0.034
-0.026
0.043
-0.040
-0.154
-0.042
-0.044
-0.011
-0.040
-0.035
-0.005
-0.080
-0.061
-0.044
-0.046
-0.046
-0.035
-0.005
-0.036
-0.043
-0.085
-0.050
-0.044
-0.048
-0.045
0.255
-0.060
-0.059
-0.076
-0.059
-0.046
-0.047
-0.008
-0.150
-0.042
-0.028
-0.033
-0.040
-0.073
-0.049
-0.020
-0.056
-0.058
-0.020
-0.049
-0.014
-0.040
-0.049
-0.046
-0.104
-0.050
-0.058
-0.031
-0.048
-0.026
-0.045
-0.044
-0.057
-0.024
0.022
-0.054
-0.005
-0.056
-0.113
-0.049
-0.049
-0.074
-0.050
-0.079
-0.038
-0.043
-0.044
-0.043
-0.046
-0.048
-0.096
-0.073
-0.041
-0.056
-0.052
-0.043
-0.048
0.025
0.036
-0.098
-0.031
-0.070
-0.036
-0.041
-0.048
-0.047
-0.170
-0.024
-0.186
-0.039
-0.043
-0.056
-0.049
-0.056
-0.033
-0.074
-0.043
-0.086
-0.051
-0.047
-0.040
-0.043
-0.114
-0.096
-0.048
-0.053
-0.056
-0.052
-0.058
-0.049
-0.044
-0.061
-0.041
-0.027
0.187
-0.021
-0.062
-0.040
-0.048
-0.035
-0.063
0.010
-0.086
-0.053
-0.045
-0.049
-0.052
0.015
-0.073
-0.008
-0.081
-0.038
-0.034
-0.048
-0.039
-0.049
-0.018
-0.072
-0.058
-0.087
-0.165
-0.052
-0.065
-0.058
-0.046
-0.007
-0.059
-0.123
-0.030
-0.023
-0.071
-0.042
-0.183
-0.053
-0.041
-0.029
-0.061
-0.042
-0.054
-0.047
-0.038
-0.160
-0.019
0.193
-0.029
-0.034
-0.046
-0.048
-0.045
-0.038
0.155
-0.053
-0.059
-0.034
-0.052
-0.044
-0.046
-0.037
-0.103
-0.039
-0.042
-0.001
-0.039
-0.054
-0.044
-0.043
-0.034
-0.051
-0.099
-0.067
-0.063
-0.041
-0.048
-0.050
-0.056
-0.050
-0.116
-0.026
-0.061
-0.037
-0.046
-0.045
0.022
-0.065
-0.032
-0.058
-0.288
-0.036
-0.047
-0.046
-0.048
-0.071
-0.044
-0.034
-0.060
-0.048
-0.045
-0.052
-0.046
-0.046
-0.062
-0.092
-0.077
-0.074
-0.060
-0.047
-0.046
-0.002
-0.043
-0.016
-0.044
-0.001
-0.060
-0.039
-0.047
-0.048
-0.101
-0.037
0.097
-0.077
-0.046
-0.043
-0.051
-0.047
-0.038
0.014
-0.076
-0.019
-0.008
-0.049
-0.059
-0.042
-0.090
-0.020
-0.065
0.113
-0.059
-0.053
-0.049
-0.052
-0.047
-0.020
0.009
-0.023
-0.024
-0.067
-0.020
-0.040
-0.046
-0.066
-0.028
-0.278
-0.082
-0.027
-0.055
-0.048
-0.053
-0.059
-0.053
-0.071
0.025
-0.016
-0.045
-0.039
-0.044
-0.048
-0.065
-0.053
-0.030
-0.017
-0.116
-0.038
-0.049
-0.046
-0.044
-0.044
-0.035
-0.016
-0.053
0.030
-0.035
-0.048
-0.065
-0.048
0.061
0.029
-0.052
-0.050
0.009
-0.053
-0.054
-0.048
-0.128
-0.032
-0.011
0.007
-0.049
-0.040
-0.047
-0.063
-0.047
-0.054
-0.031
-0.082
0.053
-0.054
-0.054
-0.015
-0.038
-0.132
-0.039
-0.096
-0.036
-0.047
-0.043
-0.040
-0.047
-0.059
-0.007
-0.054
-0.061
-0.044
-0.050
-0.037
-0.085
-0.049
-0.039
-0.022
-0.017
-0.033
-0.043
-0.048
-0.060
0.233
-0.055
-0.071
-0.078
-0.053
-0.054
-0.047
-0.046
-0.040
-0.032
-0.048
-0.031
-0.052
-0.037
-0.043
-0.039
-0.060
-0.052
-0.004
-0.024
-0.049
-0.043
-0.043
-0.048
-0.107
-0.055
-0.021
-0.058
-0.026
-0.049
-0.044
-0.052
-0.039
-0.048
-0.128
-0.054
-0.085
-0.054
-0.046
-0.048
-0.044
-0.048
0.205
-0.072
-0.036
-0.072
-0.040
-0.044
-0.044
-0.074
-0.014
-0.048
-0.034
-0.053
-0.044
-0.047
-0.045
-0.051
-0.077
-0.236
-0.119
-0.026
0.096
-0.034
-0.041
-0.047
-0.068
-0.066
-0.066
-0.064
-0.008
-0.045
-0.056
-0.044
0.036
-0.176
0.179
-0.064
-0.055
-0.048
-0.047
-0.046
-0.044
-0.073
-0.043
-0.049
-0.056
-0.040
-0.046
-0.052
-0.053
-0.037
-0.035
-0.024
-0.020
-0.021
-0.033
-0.049
-0.046
-0.038
-0.061
-0.072
-0.096
-0.021
-0.033
-0.045
-0.047
-0.045
-0.031
-0.041
0.004
0.119
-0.042
-0.040
-0.040
-0.046
-0.048
-0.141
-0.054
-0.053
-0.056
-0.050
-0.054
-0.043
-0.090
-0.043
-0.055
-0.055
-0.013
-0.053
-0.042
-0.043
-0.045
-0.024
-0.072
-0.019
0.009
-0.040
-0.061
-0.048
-0.044
-0.027
-0.060
-0.060
0.024
-0.058
-0.034
-0.038
-0.042
-0.078
-0.040
-0.056
-0.016
-0.056
-0.038
-0.044
-0.048
-0.044
-0.019
-0.066
-0.004
-0.028
-0.035
-0.045
-0.041
-0.041
-0.042
-0.039
-0.043
-0.004
-0.047
-0.038
-0.033
-0.047
-0.101
-0.042
-0.016
-0.339
-0.088
-0.043
-0.029
-0.041
-0.043
-0.046
-0.067
-0.016
-0.113
-0.032
0.021
-0.047
-0.049
-0.043
-0.048
-0.016
-0.024
-0.024
-0.037
-0.040
-0.043
0.005
-0.053
-0.025
0.046
0.058
-0.043
-0.053
-0.036
-0.051
-0.027
0.102
-0.022
-0.033
-0.152
-0.040
-0.038
-0.041
-0.045
-0.063
-0.059
-0.060
0.186
-0.047
-0.049
-0.047
-0.024
-0.033
-0.045
-0.036
-0.019
-0.028
-0.032
-0.043
-0.045
-0.039
-0.056
-0.034
-0.042
-0.046
-0.050
-0.040
-0.050
-0.042
-0.033
-0.040
-0.028
-0.044
-0.061
-0.017
-0.045
0.074
-0.035
-0.063
-0.059
-0.056
-0.057
-0.045
-0.048
-0.044
-0.047
-0.058
-0.018
-0.094
-0.042
-0.009
-0.039
-0.038
-0.036
-0.061
0.089
-0.043
-0.071
-0.150
-0.046
-0.039
-0.030
-0.052
-0.039
-0.058
-0.033
-0.024
-0.024
-0.040
-0.040
-0.060
0.208
-0.020
-0.054
-0.045
-0.051
-0.051
-0.047
-0.054
-0.036
-0.021
-0.029
-0.036
-0.044
-0.037
-0.045
0.013
0.120
-0.075
-0.012
-0.050
-0.027
-0.113
-0.045
-0.046
-0.029
-0.075
-0.192
-0.033
-0.032
-0.043
-0.039
-0.042
-0.049
-0.087
-0.069
-0.052
-0.027
-0.040
-0.048
-0.047
-0.052
-0.022
0.001
-0.006
-0.069
-0.127
-0.042
-0.043
-0.042
-0.037
-0.041
-0.064
-0.010
-0.052
-0.045
-0.044
-0.042
-0.041
-0.042
-0.042
-0.025
-0.003
-0.072
-0.057
-0.046
-0.043
-0.053
0.002
0.230
-0.011
-0.059
-0.044
-0.039
-0.041
-0.037
0.002
-0.039
-0.082
-0.039
-0.039
-0.042
-0.053
0.043
-0.013
-0.047
-0.027
-0.048
-0.048
-0.047
-0.044
-0.058
-0.241
-0.017
-0.003
-0.074
-0.034
-0.056
-0.042
-0.039
-0.014
-0.047
-0.132
-0.058
-0.023
-0.039
-0.045
-0.042
-0.049
-0.069
-0.006
-0.104
-0.031
-0.038
-0.041
-0.047
-0.038
-0.034
-0.008
-0.053
-0.047
-0.045
-0.054
-0.043
-0.048
-0.058
-0.033
-0.088
-0.023
-0.039
-0.043
-0.034
-0.040
-0.025
-0.063
0.027
-0.080
-0.008
-0.040
-0.043
-0.046
0.018
-0.038
-0.020
-0.033
-0.028
-0.042
-0.046
-0.040
-0.042
-0.029
-0.132
-0.026
-0.066
-0.112
-0.115
-0.041
-0.045
-0.095
-0.079
0.093
-0.033
-0.045
-0.042
-0.041
-0.038
-0.087
-0.037
-0.043
-0.042
-0.061
-0.052
-0.044
-0.036
-0.041
-0.057
-0.062
-0.016
-0.022
-0.041
-0.034
-0.041
-0.042
-0.057
-0.015
-0.147
-0.051
-0.045
-0.045
-0.043
-0.039
-0.045
-0.067
-0.139
-0.033
0.045
-0.160
-0.041
-0.040
-0.040
-0.062
-0.063
-0.011
-0.037
-0.037
-0.059
-0.048
-0.046
-0.040
-0.042
-0.060
-0.023
0.125
-0.022
-0.041
-0.037
0.015
-0.030
-0.081
0.163
-0.292
-0.049
-0.042
-0.043
-0.043
-0.056
-0.026
-0.035
-0.003
-0.039
-0.026
-0.036
-0.036
-0.032
-0.039
-0.047
-0.071
-0.052
-0.061
-0.045
-0.045
-0.041
-0.288
-0.041
-0.026
0.027
-0.026
-0.037
-0.044
-0.042
-0.018
-0.044
-0.139
-0.050
-0.056
-0.058
-0.052
-0.043
0.049
-0.067
-0.043
-0.019
-0.100
-0.038
-0.039
-0.040
-0.031
-0.026
0.112
-0.064
-0.078
-0.059
-0.039
-0.045
-0.036
-0.024
-0.034
-0.088
-0.031
-0.051
-0.047
-0.041
-0.039
-0.035
-0.003
-0.040
-0.045
-0.072
-0.044
-0.045
-0.045
0.013
-0.044
-0.079
-0.062
-0.011
-0.034
-0.035
-0.037
-0.041
-0.037
-0.020
0.060
-0.038
-0.054
-0.035
-0.043
-0.041
-0.060
-0.039
-0.043
-0.099
-0.049
-0.115
-0.042
-0.040
-0.055
-0.053
-0.073
-0.006
-0.072
-0.028
-0.048
-0.047
-0.045
-0.048
-0.023
0.093
-0.042
-0.047
0.004
-0.045
-0.043
-0.034
-0.053
-0.044
-0.066
-0.046
0.019
-0.050
-0.043
-0.047
-0.063
-0.054
0.132
-0.041
-0.023
-0.046
-0.049
-0.041
0.023
-0.079
-0.048
-0.058
-0.086
-0.044
-0.045
-0.027
-0.045
-0.026
-0.048
-0.019
0.149
-0.044
-0.032
-0.044
-0.043
-0.046
-0.047
-0.257
-0.143
0.083
-0.047
-0.046
-0.045
-0.004
0.078
-0.063
-0.025
-0.033
-0.025
-0.038
-0.038
0.011
-0.021
-0.256
-0.031
-0.009
-0.059
-0.053
-0.039
-0.039
-0.044
-0.030
-0.064
0.018
-0.005
-0.041
-0.034
-0.037
-0.048
-0.043
0.007
-0.033
-0.033
-0.043
-0.051
-0.047
-0.050
-0.030
-0.045
-0.043
-0.007
-0.039
-0.040
-0.039
-0.041
-0.047
0.218
-0.039
-0.026
-0.053
-0.056
-0.047
-0.038
-0.049
-0.039
-0.028
-0.049
-0.047
-0.037
-0.038
-0.042
-0.055
0.079
-0.014
-0.049
-0.045
-0.051
-0.057
-0.046
-0.046
-0.032
-0.036
-0.003
-0.028
-0.014
-0.033
-0.038
-0.038
-0.036
0.013
0.008
-0.034
-0.022
-0.060
-0.043
-0.038
-0.038
-0.020
-0.028
0.047
-0.033
-0.010
-0.034
-0.041
-0.003
-0.114
-0.022
-0.058
-0.019
-0.043
-0.052
-0.045
-0.044
-0.031
-0.037
0.117
-0.045
-0.037
-0.038
-0.026
-0.035
-0.061
-0.045
0.012
0.021
-0.034
-0.072
-0.049
-0.045
-0.038
-0.057
0.014
0.211
-0.062
-0.010
-0.040
-0.037
-0.033
-0.013
-0.078
-0.041
-0.090
-0.078
-0.038
-0.046
-0.045
-0.037
-0.104
-0.039
-0.020
-0.054
-0.041
-0.036
-0.034
-0.029
-0.070
-0.055
-0.056
-0.007
-0.032
-0.043
-0.025
-0.045
-0.028
0.173
0.011
-0.022
0.112
-0.036
-0.042
-0.039
-0.026
-0.058
-0.060
-0.043
-0.058
-0.037
-0.036
-0.046
-0.031
-0.068
-0.028
-0.047
-0.055
-0.040
-0.045
-0.036
-0.038
-0.005
-0.195
-0.055
-0.046
0.034
-0.049
-0.043
-0.015
-0.066
-0.021
-0.023
-0.011
-0.005
-0.040
-0.035
-0.036
-0.051
-0.056
-0.006
-0.101
-0.070
-0.040
-0.018
-0.036
-0.048
0.036
-0.040
-0.043
-0.154
-0.029
-0.032
-0.041
-0.037
-0.041
-0.115
-0.038
-0.074
-0.043
0.006
-0.043
-0.043
-0.045
-0.006
-0.018
-0.057
-0.041
-0.125
-0.038
-0.038
-0.039
-0.055
-0.111
-0.160
-0.055
-0.056
-0.035
-0.044
-0.049
-0.030
-0.058
-0.085
-0.045
-0.048
-0.025
-0.035
-0.037
-0.002
-0.084
-0.041
-0.047
-0.039
-0.033
-0.041
-0.039
-0.044
-0.038
-0.067
0.184
-0.020
-0.037
-0.013
-0.038
-0.035
-0.019
-0.036
0.000
-0.066
-0.045
-0.054
-0.045
-0.038
-0.045
-0.025
0.001
-0.045
-0.047
-0.037
-0.048
-0.043
-0.039
-0.055
-0.041
-0.043
-0.095
-0.047
-0.058
-0.045
-0.038
-0.035
0.150
-0.043
-0.039
0.007
-0.045
-0.033
-0.039
-0.056
-0.029
0.001
-0.056
0.209
-0.070
-0.049
-0.043
-0.041
-0.028
-0.090
-0.048
-0.088
0.073
-0.072
-0.035
-0.035
-0.007
-0.022
-0.046
-0.036
-0.041
-0.038
-0.047
-0.042
-0.035
0.109
-0.021
-0.033
-0.031
-0.041
-0.045
-0.038
-0.040
0.006
-0.048
-0.057
-0.026
-0.047
-0.041
-0.040
-0.041
-0.013
0.035
-0.018
0.076
-0.054
-0.018
-0.039
-0.043
-0.009
0.002
-0.046
-0.078
-0.062
-0.048
-0.044
-0.035
-0.047
-0.183
-0.027
-0.037
-0.043
-0.047
-0.042
-0.037
-0.037
-0.044
-0.050
0.107
-0.136
-0.138
-0.076
-0.043
-0.045
-0.033
-0.018
-0.120
0.067
-0.073
-0.067
-0.040
-0.036
-0.041
-0.028
-0.076
-0.017
-0.015
-0.086
-0.042
-0.046
-0.039
-0.029
-0.001
-0.023
-0.011
-0.086
-0.043
-0.032
-0.037
-0.043
-0.032
0.008
-0.023
-0.023
-0.043
-0.045
-0.046
-0.032
-0.066
-0.014
-0.021
-0.036
-0.077
-0.040
-0.034
-0.037
-0.025
-0.091
-0.044
-0.037
-0.044
-0.047
-0.050
-0.046
-0.049
-0.044
-0.038
-0.029
-0.022
-0.032
-0.039
-0.024
-0.036
-0.048
-0.038
-0.054
-0.041
-0.031
-0.035
-0.045
-0.044
-0.041
-0.044
0.030
-0.120
-0.026
-0.037
-0.039
-0.036
-0.037
-0.027
-0.056
-0.039
-0.054
-0.163
-0.097
-0.049
-0.035
-0.054
-0.057
-0.155
-0.027
-0.041
0.016
-0.033
-0.036
-0.019
-0.049
-0.041
-0.025
-0.032
-0.031
-0.040
-0.040
-0.016
-0.043
-0.088
0.115
-0.030
-0.036
-0.042
-0.040
-0.038
0.001
0.004
-0.057
-0.020
-0.050
-0.044
-0.041
-0.037
-0.037
-0.046
-0.034
-0.025
0.135
0.071
-0.025
-0.038
-0.042
0.063
-0.035
0.021
-0.053
-0.038
-0.055
-0.037
-0.048
-0.038
-0.014
-0.025
-0.018
-0.030
-0.047
-0.038
-0.038
-0.030
-0.015
-0.057
-0.042
-0.043
-0.039
-0.045
-0.040
-0.133
-0.089
-0.027
-0.026
-0.074
-0.034
-0.029
-0.033
-0.036
0.003
-0.018
-0.163
-0.056
-0.055
-0.071
-0.039
-0.036
-0.016
-0.069
-0.081
0.217
-0.005
-0.026
-0.034
-0.039
-0.051
-0.028
0.260
-0.079
-0.032
-0.043
-0.034
-0.038
-0.036
-0.062
-0.011
-0.083
-0.036
-0.039
-0.039
-0.035
-0.039
-0.038
-0.054
-0.078
0.016
-0.048
-0.038
-0.042
-0.045
-0.033
-0.040
0.015
-0.026
0.022
-0.064
0.035
-0.037
-0.036
-0.097
-0.060
-0.078
-0.095
-0.043
-0.055
-0.040
-0.039
-0.037
0.002
-0.033
-0.023
-0.038
-0.034
-0.026
-0.008
-0.047
-0.039
-0.028
-0.041
-0.025
-0.047
-0.035
-0.040
-0.034
-0.027
-0.029
-0.033
0.119
-0.033
-0.026
-0.043
-0.036
-0.087
-0.193
-0.031
-0.069
-0.050
-0.031
-0.046
-0.034
-0.040
0.015
-0.053
-0.073
-0.008
-0.019
-0.024
-0.035
-0.036
-0.034
-0.008
-0.016
-0.056
-0.026
-0.040
-0.040
-0.034
-0.052
-0.058
-0.036
-0.079
-0.032
-0.123
-0.034
-0.042
0.035
0.098
-0.045
-0.050
-0.069
-0.091
-0.014
-0.042
-0.039
-0.041
-0.058
-0.030
-0.039
-0.024
-0.058
-0.033
-0.031
-0.027
-0.048
0.014
0.068
-0.067
-0.036
-0.042
-0.041
-0.024
-0.069
-0.125
-0.023
-0.027
-0.025
-0.038
-0.039
-0.037
0.138
-0.049
-0.058
0.059
-0.049
-0.014
-0.044
-0.036
-0.038
-0.017
-0.024
0.003
-0.022
-0.010
-0.028
-0.047
-0.013
-0.031
-0.037
0.153
-0.040
-0.054
-0.045
-0.043
-0.039
-0.043
-0.027
-0.053
-0.059
-0.031
-0.028
-0.035
-0.018
0.016
-0.064
-0.032
-0.076
-0.040
-0.031
-0.040
-0.040
-0.027
-0.036
-0.028
-0.183
-0.033
-0.036
-0.024
-0.033
-0.034
-0.022
-0.010
-0.274
-0.045
-0.034
-0.053
-0.040
-0.037
-0.009
-0.006
-0.075
-0.022
-0.076
-0.038
-0.033
-0.038
-0.023
-0.054
-0.035
-0.030
-0.123
-0.046
-0.043
-0.039
-0.037
-0.038
-0.263
-0.028
-0.140
-0.156
-0.030
-0.032
-0.034
-0.050
-0.023
0.157
-0.040
-0.042
-0.034
-0.041
-0.040
-0.096
-0.002
-0.008
-0.030
0.017
-0.032
-0.033
-0.037
-0.030
-0.046
-0.032
0.008
-0.031
-0.033
-0.039
-0.045
-0.037
-0.017
-0.054
-0.040
-0.039
-0.040
-0.032
-0.031
-0.041
-0.040
-0.052
-0.122
-0.011
-0.035
-0.040
-0.016
-0.030
-0.038
0.097
-0.009
-0.068
-0.026
-0.041
0.003
-0.035
-0.031
-0.050
-0.040
0.016
-0.043
-0.001
-0.019
-0.039
-0.042
-0.050
-0.058
0.142
-0.019
0.020
-0.000
-0.023
-0.035
-0.032
-0.023
0.230
-0.092
-0.088
-0.103
-0.044
-0.045
-0.037
-0.008
-0.002
-0.084
-0.016
-0.061
-0.031
-0.030
-0.037
0.031
-0.169
-0.038
0.002
-0.031
0.017
-0.045
-0.042
-0.034
-0.035
-0.006
-0.018
-0.070
-0.041
-0.019
-0.020
-0.032
-0.071
-0.116
-0.020
-0.025
-0.038
-0.051
-0.040
-0.040
-0.040
-0.040
-0.025
-0.066
-0.038
-0.038
-0.012
-0.034
-0.038
-0.020
-0.041
-0.064
-0.054
-0.047
-0.034
-0.037
-0.037
-0.040
-0.050
-0.023
-0.042
-0.032
-0.038
-0.030
-0.040
-0.047
-0.022
-0.132
-0.045
-0.056
-0.045
-0.037
-0.035
-0.038
-0.044
-0.039
0.003
-0.033
-0.018
-0.024
-0.035
-0.034
-0.032
-0.021
-0.052
0.094
-0.049
-0.049
-0.038
-0.043
-0.026
0.092
-0.071
-0.027
-0.017
-0.026
-0.020
-0.035
-0.037
-0.045
-0.037
-0.041
-0.002
-0.040
-0.028
-0.038
-0.038
0.076
-0.034
-0.030
-0.021
0.107
-0.008
-0.030
-0.035
-0.031
0.000
-0.037
0.016
-0.025
-0.043
-0.059
-0.040
-0.036
-0.027
-0.035
0.008
-0.042
-0.066
-0.031
-0.031
-0.031
-0.051
-0.027
0.102
-0.024
-0.044
-0.023
-0.043
-0.037
-0.008
-0.058
-0.014
-0.068
-0.102
0.015
-0.042
-0.030
-0.039
-0.034
-0.047
0.098
-0.045
-0.053
-0.042
-0.040
-0.037
-0.040
0.024
-0.024
0.203
0.001
-0.034
-0.028
-0.032
-0.039
-0.039
-0.275
-0.043
-0.057
-0.032
-0.039
-0.037
-0.062
0.073
-0.002
-0.053
-0.001
-0.011
-0.036
-0.030
-0.030
0.057
0.007
-0.042
0.018
-0.021
-0.043
-0.035
-0.027
-0.029
-0.027
-0.021
-0.055
-0.041
-0.024
-0.052
-0.036
-0.037
-0.043
-0.042
-0.039
-0.002
0.122
-0.056
-0.037
-0.049
-0.041
0.020
0.111
-0.016
-0.018
-0.033
-0.030
-0.030
-0.029
-0.101
-0.014
-0.059
-0.027
-0.052
-0.033
-0.045
-0.058
-0.022
-0.016
-0.018
-0.043
-0.068
-0.027
-0.033
-0.033
-0.025
-0.055
0.044
-0.024
-0.052
0.007
-0.039
-0.060
-0.055
-0.038
-0.002
-0.032
-0.034
-0.032
-0.025
-0.033
-0.031
-0.045
-0.029
0.015
-0.065
-0.051
-0.039
-0.040
-0.034
-0.036
-0.058
-0.075
-0.107
-0.031
-0.029
-0.032
-0.034
-0.042
-0.021
0.014
-0.037
-0.011
-0.048
-0.052
-0.038
-0.031
-0.058
-0.047
-0.010
0.007
-0.033
-0.030
-0.031
-0.031
-0.036
-0.064
0.011
-0.011
-0.030
-0.041
-0.035
-0.030
-0.031
0.007
-0.014
-0.033
0.015
-0.033
-0.036
-0.030
0.011
0.000
-0.056
-0.037
-0.070
-0.052
-0.033
-0.032
-0.033
-0.023
-0.104
0.028
0.003
-0.031
-0.030
-0.036
-0.033
0.014
-0.029
-0.002
-0.174
-0.023
-0.038
-0.036
-0.038
-0.034
-0.022
-0.038
0.017
0.042
-0.029
-0.034
-0.032
-0.027
-0.033
-0.055
-0.039
-0.044
-0.039
-0.038
-0.036
-0.037
-0.005
0.004
-0.009
-0.060
-0.029
-0.068
-0.031
-0.034
-0.026
-0.052
-0.049
-0.041
-0.041
-0.040
-0.113
-0.032
-0.033
-0.031
-0.003
-0.052
-0.016
-0.006
-0.043
-0.029
-0.032
-0.016
-0.058
-0.048
-0.050
-0.015
-0.044
-0.036
-0.038
-0.038
0.071
0.004
-0.050
-0.016
-0.034
-0.025
-0.029
-0.030
-0.005
-0.049
-0.126
-0.062
-0.237
-0.040
-0.037
-0.032
-0.046
0.009
-0.012
0.010
-0.005
-0.034
-0.037
-0.032
-0.010
-0.021
-0.111
-0.017
-0.061
0.022
-0.053
-0.044
-0.040
-0.045
-0.017
-0.019
0.026
-0.044
-0.035
-0.033
-0.029
-0.044
-0.133
-0.018
-0.019
0.048
-0.031
-0.041
-0.030
-0.029
-0.034
-0.032
-0.024
-0.134
-0.078
-0.026
-0.026
-0.036
-0.045
0.094
-0.033
-0.000
-0.010
-0.047
-0.039
-0.040
-0.070
-0.098
0.034
-0.035
-0.060
-0.038
-0.029
-0.033
-0.048
-0.039
-0.049
-0.061
-0.036
-0.022
-0.038
-0.037
-0.032
-0.035
-0.052
0.159
-0.001
-0.028
-0.044
-0.028
-0.031
-0.035
-0.069
-0.132
-0.043
-0.032
-0.035
-0.038
-0.035
-0.039
-0.051
0.016
-0.012
-0.036
-0.005
0.020
-0.037
-0.030
-0.054
-0.010
-0.062
-0.019
-0.020
-0.052
-0.035
-0.038
-0.026
-0.028
-0.074
-0.016
-0.004
-0.028
-0.059
-0.030
-0.018
-0.029
-0.083
-0.048
-0.048
-0.040
0.017
-0.042
-0.032
-0.038
-0.036
-0.020
-0.029
-0.023
-0.026
-0.035
-0.026
-0.006
-0.025
-0.040
0.053
-0.044
-0.034
-0.035
-0.035
-0.026
-0.069
-0.078
0.061
-0.022
-0.014
-0.037
-0.029
-0.033
-0.011
0.068
-0.036
0.023
-0.036
-0.041
-0.038
-0.033
0.018
-0.029
0.001
-0.019
-0.039
-0.002
-0.028
-0.036
-0.016
-0.029
-0.044
-0.001
-0.006
-0.044
-0.041
-0.037
-0.038
-0.059
0.184
-0.113
-0.032
-0.203
-0.098
-0.028
-0.035
-0.037
-0.012
-0.042
-0.067
-0.083
-0.034
-0.000
-0.036
-0.109
-0.034
-0.017
-0.021
-0.019
-0.158
-0.023
-0.033
-0.034
-0.173
-0.029
-0.194
-0.002
-0.236
-0.015
-0.036
-0.031
-0.024
-0.009
-0.029
0.036
0.025
-0.049
-0.030
-0.041
-0.024
-0.052
-0.032
-0.073
-0.073
-0.011
-0.024
-0.034
-0.037
-0.055
-0.046
0.003
-0.033
-0.019
-0.025
-0.026
-0.027
0.054
-0.022
-0.009
0.040
-0.040
-0.025
-0.041
-0.029
0.052
-0.025
0.006
0.026
0.004
-0.027
-0.030
-0.031
-0.031
-0.025
-0.045
-0.055
-0.073
-0.073
-0.035
-0.040
-0.037
-0.033
-0.094
-0.050
-0.140
-0.036
-0.012
-0.012
-0.028
-0.067
-0.027
-0.237
-0.029
-0.024
0.011
-0.037
-0.028
-0.034
-0.033
-0.031
-0.147
-0.048
-0.018
-0.025
-0.029
-0.032
-0.043
0.049
-0.054
-0.040
-0.071
-0.051
-0.030
-0.049
-0.009
-0.048
0.024
-0.023
-0.083
-0.034
-0.038
-0.030
-0.034
-0.026
-0.040
-0.070
0.269
0.004
-0.035
-0.029
-0.031
-0.028
-0.056
-0.028
0.018
-0.043
-0.032
0.000
-0.040
-0.040
0.035
-0.041
-0.033
-0.050
-0.031
-0.033
-0.042
-0.034
0.073
0.007
-0.033
-0.079
-0.039
0.018
-0.028
-0.035
-0.003
-0.055
-0.033
0.054
-0.056
-0.029
-0.048
-0.033
-0.018
-0.021
-0.030
0.037
-0.014
-0.019
-0.033
-0.027
-0.027
-0.028
-0.026
-0.040
-0.012
-0.024
-0.036
-0.032
-0.032
-0.071
-0.015
-0.069
-0.030
-0.022
-0.071
-0.021
-0.033
-0.068
-0.050
-0.031
-0.030
-0.006
-0.044
-0.044
-0.035
-0.040
-0.024
-0.100
0.015
-0.028
-0.171
-0.043
-0.028
-0.027
-0.030
0.017
-0.030
0.044
-0.252
-0.014
-0.031
-0.030
-0.173
-0.045
-0.023
-0.005
-0.104
0.079
-0.025
-0.013
-0.040
-0.044
-0.064
-0.247
-0.035
-0.033
0.002
-0.031
-0.035
-0.025
-0.023
-0.024
-0.023
0.013
-0.025
-0.027
-0.028
0.014
-0.067
-0.040
-0.030
-0.042
-0.047
-0.034
-0.037
-0.033
-0.030
-0.069
-0.015
-0.035
-0.057
-0.034
-0.032
-0.030
-0.044
-0.019
-0.037
-0.045
-0.068
-0.042
-0.032
-0.015
-0.027
-0.039
0.004
-0.037
-0.021
-0.023
-0.029
-0.038
-0.031
-0.018
-0.040
-0.030
-0.084
-0.062
-0.023
-0.036
-0.036
-0.040
-0.031
-0.344
0.016
-0.030
-0.028
-0.027
-0.032
0.078
-0.051
-0.041
0.045
-0.016
-0.057
-0.112
-0.029
-0.020
-0.015
-0.042
-0.020
-0.071
-0.017
-0.028
-0.028
-0.030
-0.016
0.133
-0.041
-0.049
-0.043
-0.016
-0.035
-0.038
-0.077
-0.047
0.026
-0.018
0.057
-0.027
-0.023
-0.028
-0.027
-0.041
-0.021
-0.058
-0.028
-0.043
-0.025
-0.033
-0.026
-0.036
-0.055
-0.026
-0.077
-0.006
-0.029
-0.027
-0.029
-0.065
0.093
-0.049
-0.042
-0.062
-0.041
-0.050
-0.037
-0.038
-0.134
-0.001
-0.040
0.015
-0.034
-0.013
-0.027
-0.025
0.004
0.004
0.002
-0.219
-0.037
-0.034
-0.027
-0.039
-0.273
-0.012
-0.071
-0.179
-0.036
-0.036
-0.026
-0.030
-0.027
-0.012
-0.020
0.006
-0.261
-0.051
-0.011
-0.037
-0.030
-0.028
-0.017
-0.098
-0.010
0.019
-0.026
-0.030
-0.028
0.013
-0.055
-0.043
-0.084
-0.003
-0.035
-0.034
-0.033
-0.035
-0.025
-0.021
0.005
-0.018
-0.031
-0.025
-0.027
-0.036
-0.030
-0.003
-0.036
-0.028
-0.064
-0.002
-0.036
-0.043
0.029
-0.036
0.004
-0.017
-0.099
-0.011
-0.027
-0.032
-0.030
-0.035
-0.046
0.188
-0.036
-0.041
-0.024
-0.030
-0.032
-0.028
-0.063
-0.035
-0.051
0.009
-0.048
-0.027
-0.024
-0.143
-0.014
-0.030
-0.036
-0.033
-0.040
-0.068
-0.029
-0.033
-0.035
-0.034
-0.020
-0.115
-0.018
-0.026
-0.027
-0.029
0.022
-0.038
-0.065
0.004
-0.036
-0.050
-0.044
-0.030
-0.044
0.058
-0.084
-0.068
-0.067
-0.014
-0.023
-0.027
-0.028
-0.016
-0.043
-0.048
0.017
-0.079
-0.032
-0.031
-0.027
-0.039
0.036
-0.056
0.067
-0.051
-0.025
-0.025
-0.031
-0.048
-0.060
-0.042
0.003
-0.047
-0.008
-0.044
-0.034
-0.031
-0.022
-0.010
0.213
-0.013
0.002
-0.030
-0.025
-0.032
-0.023
-0.045
-0.036
-0.050
-0.033
-0.033
-0.040
-0.036
0.033
-0.032
-0.026
-0.026
0.011
-0.018
-0.034
-0.025
-0.029
-0.011
-0.046
-0.018
-0.283
-0.016
-0.035
-0.033
-0.025
-0.031
-0.023
-0.024
-0.006
-0.063
-0.030
0.009
-0.027
0.182
-0.121
-0.038
-0.038
-0.036
-0.041
-0.045
-0.036
-0.028
-0.045
-0.036
-0.022
-0.084
-0.023
-0.006
-0.023
-0.026
-0.015
-0.020
-0.043
-0.035
-0.059
0.079
-0.031
-0.025
-0.082
-0.012
-0.054
0.023
-0.021
-0.026
-0.029
-0.022
-0.025
-0.028
-0.017
-0.047
0.003
-0.019
-0.037
-0.033
-0.041
-0.019
0.085
-0.030
-0.061
-0.016
-0.016
-0.025
-0.025
-0.077
-0.025
-0.015
-0.066
-0.060
-0.030
-0.040
-0.039
-0.033
0.006
0.007
-0.054
-0.034
0.011
-0.029
-0.026
-0.030
0.027
-0.057
-0.019
-0.038
-0.034
-0.046
-0.030
-0.037
-0.070
-0.130
-0.019
-0.033
-0.009
-0.051
-0.008
-0.025
-0.025
-0.079
-0.002
0.125
-0.128
-0.042
-0.036
-0.035
-0.035
-0.047
0.004
-0.021
-0.038
-0.040
-0.019
-0.026
-0.032
-0.086
-0.018
0.002
0.047
-0.015
-0.038
-0.038
-0.032
-0.031
-0.022
-0.014
-0.021
-0.071
-0.034
-0.013
-0.030
-0.032
-0.041
-0.043
-0.033
0.023
-0.035
-0.031
-0.030
-0.028
-0.049
-0.007
-0.016
-0.002
0.205
-0.013
0.003
-0.029
-0.028
0.020
-0.050
-0.048
-0.045
-0.062
-0.037
-0.029
-0.034
-0.049
-0.049
-0.033
-0.038
-0.017
-0.011
-0.016
-0.027
-0.064
-0.070
-0.033
-0.045
-0.017
-0.040
-0.087
-0.032
-0.029
-0.105
-0.014
-0.045
-0.025
-0.022
-0.028
-0.030
-0.029
-0.028
-0.029
-0.015
-0.112
-0.024
-0.044
-0.027
-0.029
-0.060
-0.011
-0.021
-0.043
-0.016
0.016
-0.022
-0.026
-0.025
-0.024
-0.071
-0.016
-0.083
-0.032
-0.034
-0.031
-0.032
-0.041
-0.029
-0.037
-0.027
-0.040
-0.015
-0.030
-0.028
-0.011
-0.018
-0.028
-0.084
0.055
-0.034
-0.025
-0.036
-0.026
-0.017
-0.083
0.004
0.012
-0.113
-0.099
-0.030
-0.029
0.066
-0.006
-0.040
-0.017
-0.004
-0.031
-0.032
-0.030
-0.031
-0.089
-0.021
-0.032
0.007
-0.039
-0.031
-0.027
-0.028
0.030
-0.024
-0.205
-0.061
-0.040
-0.098
-0.029
-0.025
-0.047
-0.041
-0.013
-0.005
-0.026
0.017
-0.022
-0.033
0.021
-0.009
-0.039
-0.020
-0.055
-0.019
-0.036
-0.033
-0.032
-0.032
-0.030
-0.008
0.028
-0.017
-0.028
-0.021
-0.028
-0.024
-0.032
-0.048
-0.046
-0.018
-0.038
-0.054
-0.026
-0.053
-0.055
-0.001
-0.014
-0.077
-0.025
-0.020
-0.034
-0.025
-0.024
-0.049
0.007
-0.024
-0.042
-0.035
-0.028
-0.023
0.037
-0.008
-0.016
-0.066
-0.009
-0.032
-0.027
-0.028
-0.042
-0.029
-0.048
-0.026
-0.016
-0.038
-0.030
-0.029
-0.024
-0.018
-0.002
-0.016
-0.053
-0.031
-0.004
-0.027
-0.030
-0.021
-0.029
-0.006
-0.009
-0.026
-0.049
-0.035
-0.039
0.020
0.006
-0.006
0.029
-0.018
-0.020
-0.024
-0.024
-0.024
-0.023
-0.070
-0.041
0.027
-0.033
-0.026
-0.035
-0.041
-0.056
-0.027
-0.055
-0.023
-0.082
-0.034
-0.028
-0.027
-0.003
-0.031
-0.007
-0.032
-0.040
-0.036
-0.036
-0.033
-0.031
-0.039
-0.236
-0.114
-0.005
0.072
-0.034
-0.038
-0.031
-0.073
-0.044
-0.054
-0.026
-0.057
-0.029
-0.026
-0.029
-0.070
-0.086
-0.023
-0.023
-0.034
-0.029
-0.021
-0.034
-0.029
-0.077
-0.061
-0.200
-0.049
-0.031
-0.044
-0.030
-0.029
-0.027
-0.071
-0.017
-0.010
0.033
-0.032
-0.027
-0.021
0.014
-0.016
-0.026
-0.004
-0.025
-0.003
-0.023
-0.030
-0.030
-0.036
-0.017
-0.025
-0.043
-0.038
-0.025
-0.026
-0.031
-0.024
-0.054
0.100
-0.029
-0.035
-0.034
-0.033
-0.031
-0.047
-0.026
-0.025
0.007
-0.025
-0.019
-0.023
-0.028
-0.032
-0.015
-0.043
-0.068
-0.026
-0.040
-0.033
-0.032
-0.026
-0.133
0.005
-0.074
0.016
-0.042
-0.031
-0.007
-0.024
-0.023
-0.164
-0.040
-0.052
-0.010
-0.026
-0.032
-0.025
-0.031
-0.050
-0.010
0.102
-0.008
-0.036
-0.033
-0.027
-0.025
-0.022
-0.012
-0.013
-0.140
-0.029
-0.037
-0.043
-0.032
0.117
-0.026
-0.051
-0.073
-0.017
-0.106
-0.031
-0.024
-0.028
-0.028
-0.051
-0.010
0.066
-0.052
0.020
-0.034
-0.024
-0.067
-0.021
0.098
-0.022
0.043
-0.020
-0.019
-0.025
-0.009
-0.034
-0.007
0.038
0.002
-0.034
-0.002
-0.029
-0.029
-0.048
-0.117
-0.036
-0.007
-0.005
-0.020
-0.025
-0.028
-0.054
0.001
-0.047
-0.041
0.202
-0.036
-0.030
-0.031
-0.053
-0.165
-0.006
0.026
-0.051
0.010
-0.035
-0.027
-0.029
-0.035
-0.055
-0.201
-0.029
-0.025
-0.031
-0.034
-0.029
-0.024
-0.062
-0.023
-0.014
-0.013
-0.028
-0.056
-0.025
-0.036
-0.025
-0.221
-0.006
0.017
-0.024
-0.005
-0.033
-0.030
-0.024
-0.021
-0.005
-0.149
-0.033
-0.101
-0.026
-0.025
-0.013
-0.058
0.120
-0.030
-0.061
0.053
-0.028
-0.031
-0.020
-0.021
0.004
-0.062
-0.051
-0.016
0.035
-0.027
-0.026
0.016
0.003
-0.039
-0.056
-0.063
-0.031
-0.030
-0.037
-0.029
-0.046
-0.051
-0.009
-0.003
-0.026
-0.015
-0.025
0.013
-0.090
-0.040
-0.037
-0.030
-0.025
-0.102
-0.032
-0.022
-0.043
-0.088
-0.015
-0.024
0.039
-0.010
-0.031
-0.030
-0.036
-0.014
-0.039
-0.027
-0.033
-0.029
-0.026
-0.026
-0.009
-0.043
-0.092
-0.015
-0.066
-0.044
-0.030
-0.024
-0.027
-0.039
-0.095
-0.032
-0.087
0.005
-0.017
-0.035
-0.025
-0.032
-0.028
-0.094
-0.006
-0.031
0.041
-0.029
-0.025
-0.048
-0.051
-0.026
-0.195
-0.056
-0.027
-0.029
-0.024
-0.028
-0.038
-0.010
-0.011
-0.035
-0.022
-0.029
-0.024
-0.028
-0.041
-0.040
-0.044
-0.007
-0.043
-0.027
-0.028
-0.027
-0.038
-0.095
-0.015
-0.049
-0.011
-0.028
-0.031
-0.024
-0.020
-0.048
-0.048
0.179
-0.022
-0.024
-0.009
-0.030
-0.029
-0.032
-0.045
-0.039
-0.025
-0.003
-0.028
-0.025
-0.025
0.004
-0.077
-0.029
-0.034
-0.004
-0.050
-0.030
-0.027
-0.031
-0.023
-0.077
-0.057
-0.021
-0.018
-0.020
-0.025
-0.012
-0.031
-0.039
0.024
-0.049
-0.044
-0.015
-0.034
-0.033
-0.025
-0.019
-0.080
-0.049
-0.023
-0.020
-0.033
-0.020
-0.026
-0.019
-0.011
-0.038
-0.024
-0.152
-0.014
-0.034
-0.017
0.110
-0.021
-0.282
0.002
-0.043
-0.018
-0.021
-0.030
-0.035
-0.039
0.011
-0.021
-0.055
-0.026
-0.061
-0.038
-0.029
0.004
-0.043
-0.016
-0.010
0.006
-0.019
-0.024
-0.024
-0.034
0.032
-0.032
-0.035
-0.024
-0.032
-0.029
-0.025
-0.021
-0.051
-0.010
-0.051
-0.020
-0.026
-0.023
-0.004
-0.021
-0.024
-0.049
-0.041
-0.037
-0.020
-0.045
-0.029
-0.007
-0.022
-0.023
-0.027
0.003
0.005
-0.020
-0.028
-0.021
-0.024
-0.001
0.006
-0.030
-0.046
-0.032
-0.028
-0.029
-0.030
-0.025
-0.021
-0.071
0.036
-0.013
-0.021
-0.017
-0.022
-0.037
-0.044
0.003
-0.024
-0.040
-0.035
-0.029
-0.027
-0.043
-0.008
-0.058
-0.196
0.009
-0.030
-0.024
-0.023
-0.026
0.019
-0.046
-0.034
-0.051
-0.036
-0.032
-0.033
-0.027
-0.041
-0.173
-0.027
-0.016
-0.027
-0.016
-0.031
-0.030
-0.027
-0.009
-0.007
-0.040
0.035
0.108
-0.028
-0.028
-0.028
-0.040
-0.024
-0.016
0.038
-0.042
-0.009
-0.021
-0.028
-0.042
-0.048
-0.038
-0.009
-0.213
-0.029
-0.029
-0.033
-0.024
-0.014
-0.255
-0.017
-0.056
-0.036
-0.022
-0.020
-0.031
-0.033
-0.053
-0.135
-0.026
-0.024
0.040
-0.020
-0.008
-0.007
-0.089
-0.052
-0.112
-0.017
-0.018
-0.026
-0.023
-0.063
-0.038
-0.030
-0.034
-0.046
-0.026
-0.034
-0.024
-0.025
-0.023
0.006
-0.067
-0.002
-0.046
-0.022
-0.024
-0.021
-0.008
-0.014
-0.024
-0.094
-0.033
-0.044
0.019
-0.026
-0.035
-0.021
-0.009
-0.055
0.002
-0.029
-0.027
-0.024
-0.026
-0.086
0.177
-0.038
-0.088
-0.002
-0.025
-0.032
-0.024
0.017
-0.009
-0.014
-0.005
-0.102
-0.031
-0.029
-0.028
-0.024
0.145
-0.043
-0.042
0.006
-0.032
-0.032
-0.026
-0.029
-0.048
-0.003
-0.316
-0.030
-0.005
-0.028
-0.026
-0.034
-0.029
0.048
-0.045
-0.051
-0.083
-0.029
-0.025
-0.029
-0.024
-0.037
-0.033
-0.030
-0.125
0.061
0.051
-0.026
-0.025
-0.036
-0.037
-0.029
0.026
-0.045
-0.028
-0.027
-0.024
-0.026
-0.015
0.006
-0.103
-0.035
-0.027
-0.022
-0.029
0.003
-0.054
-0.042
-0.121
-0.041
-0.028
-0.064
-0.014
-0.025
-0.031
-0.041
0.060
-0.030
-0.029
-0.022
-0.028
-0.032
-0.076
-0.026
0.029
-0.061
-0.013
-0.012
-0.024
-0.027
-0.044
-0.013
-0.055
0.101
-0.018
-0.019
-0.019
-0.023
-0.025
-0.084
0.053
-0.024
-0.022
-0.065
-0.028
-0.033
-0.032
-0.023
0.157
-0.099
-0.022
-0.064
-0.018
-0.012
-0.020
-0.034
-0.066
-0.047
0.003
-0.051
-0.044
-0.019
-0.032
-0.025
-0.041
-0.034
-0.003
-0.075
-0.021
-0.017
-0.022
-0.025
-0.017
-0.014
-0.034
-0.015
-0.194
-0.022
-0.003
-0.026
-0.013
-0.018
-0.005
0.001
-0.004
-0.015
-0.029
-0.025
-0.028
-0.018
-0.045
0.116
-0.043
-0.037
-0.018
-0.028
-0.023
-0.025
-0.043
-0.017
-0.057
0.003
-0.018
-0.024
-0.025
-0.028
-0.013
-0.037
-0.072
-0.003
-0.037
-0.041
-0.026
-0.027
-0.027
-0.019
0.001
-0.034
-0.017
-0.031
-0.032
-0.019
-0.015
-0.048
-0.031
-0.015
-0.008
-0.008
-0.028
-0.028
-0.014
-0.025
-0.140
0.094
-0.059
-0.021
0.018
-0.023
-0.026
-0.026
0.043
-0.065
-0.035
-0.043
-0.025
-0.024
-0.032
-0.039
-0.061
0.192
-0.012
-0.011
0.066
-0.026
-0.020
-0.031
-0.033
-0.034
-0.016
-0.009
-0.038
-0.026
-0.029
-0.027
0.003
0.003
-0.015
-0.058
-0.040
-0.057
-0.027
-0.023
-0.009
-0.022
-0.036
-0.032
-0.100
0.059
-0.022
-0.024
-0.020
-0.073
-0.000
0.004
-0.025
-0.061
-0.027
-0.022
-0.023
-0.046
0.019
-0.022
-0.035
-0.067
-0.029
-0.033
-0.025
-0.019
-0.053
-0.017
0.006
-0.014
-0.014
-0.022
-0.026
-0.055
0.032
0.034
-0.033
-0.056
-0.032
-0.023
-0.026
-0.035
-0.024
-0.059
-0.058
-0.021
-0.014
-0.017
-0.027
-0.026
0.026
-0.022
-0.074
0.036
-0.018
-0.038
-0.029
-0.026
-0.067
-0.037
-0.077
-0.015
-0.030
-0.001
-0.036
-0.018
-0.025
-0.014
-0.028
-0.042
-0.052
-0.028
-0.035
-0.029
-0.033
-0.025
0.182
-0.116
-0.028
-0.055
-0.025
-0.024
-0.030
-0.028
-0.033
0.003
-0.068
0.023
-0.053
-0.025
-0.022
-0.025
-0.049
-0.001
-0.021
-0.012
-0.025
-0.024
-0.023
-0.025
-0.019
-0.064
-0.033
-0.051
-0.027
-0.020
-0.028
-0.048
-0.026
0.152
-0.034
-0.011
0.026
-0.025
-0.009
-0.023
-0.022
-0.020
-0.032
-0.027
-0.041
-0.030
-0.026
-0.027
-0.027
0.081
-0.086
0.003
0.175
-0.008
-0.019
-0.019
-0.016
-0.054
-0.007
-0.023
-0.027
-0.010
-0.018
-0.026
-0.025
-0.029
-0.029
-0.016
-0.085
-0.020
-0.004
-0.049
-0.021
-0.026
-0.016
-0.049
0.036
0.084
-0.023
-0.032
-0.027
-0.028
-0.038
-0.027
0.063
-0.113
-0.030
-0.021
-0.013
-0.024
-0.021
-0.012
-0.132
-0.021
-0.014
-0.128
-0.031
-0.024
-0.022
0.005
-0.012
-0.023
-0.032
-0.006
-0.031
-0.036
-0.025
-0.020
-0.033
-0.080
0.010
0.000
-0.023
-0.008
-0.027
-0.029
-0.042
-0.027
-0.013
0.047
-0.021
-0.022
-0.028
-0.026
0.100
-0.004
-0.031
-0.069
-0.083
0.010
-0.027
-0.026
-0.025
0.009
-0.000
-0.005
-0.022
-0.031
-0.016
-0.018
-0.006
-0.033
-0.038
-0.066
-0.051
-0.014
-0.052
-0.021
-0.030
-0.015
-0.027
0.123
0.015
-0.023
-0.024
-0.024
-0.021
-0.005
-0.023
0.065
-0.036
-0.057
-0.042
-0.030
-0.023
-0.029
-0.021
-0.018
0.080
-0.014
-0.022
-0.024
-0.025
-0.026
-0.001
-0.027
0.014
0.054
-0.031
-0.035
-0.029
-0.029
-0.030
-0.010
-0.075
0.080
-0.015
-0.031
-0.055
-0.025
-0.023
0.005
-0.032
-0.035
-0.004
-0.037
-0.039
-0.028
-0.028
-0.019
-0.083
-0.086
-0.002
-0.115
-0.017
-0.013
-0.028
-0.028
-0.041
-0.061
-0.141
0.003
-0.024
-0.029
-0.020
-0.029
-0.032
-0.009
-0.032
-0.050
-0.052
-0.033
-0.020
-0.021
0.013
-0.045
-0.028
-0.032
-0.030
-0.026
-0.032
-0.028
-0.011
-0.008
-0.022
-0.022
0.061
-0.020
-0.017
-0.029
-0.024
-0.038
-0.003
-0.056
-0.041
-0.035
-0.024
-0.025
-0.020
-0.041
-0.075
-0.013
-0.060
-0.033
-0.010
-0.018
-0.025
-0.019
-0.033
0.181
-0.054
-0.016
-0.023
-0.024
-0.021
-0.025
-0.015
-0.081
-0.039
0.003
-0.045
-0.024
-0.022
-0.025
-0.038
-0.044
0.069
0.039
0.010
-0.080
-0.027
-0.032
-0.001
0.002
0.012
-0.106
-0.046
-0.021
-0.024
-0.024
-0.027
-0.034
0.009
-0.039
-0.051
-0.043
-0.055
-0.035
-0.014
-0.080
-0.009
-0.201
0.000
-0.029
-0.025
-0.026
-0.024
-0.033
-0.019
-0.036
-0.004
0.006
-0.031
-0.027
-0.022
-0.024
-0.022
-0.027
-0.014
-0.100
-0.022
-0.012
-0.023
-0.026
-0.025
0.020
0.055
-0.026
-0.060
-0.025
-0.041
-0.028
-0.020
-0.101
-0.009
-0.080
-0.022
-0.013
0.027
-0.023
-0.022
-0.021
-0.032
0.025
-0.028
-0.027
-0.034
-0.030
-0.024
-0.048
-0.049
-0.043
-0.099
-0.020
-0.021
-0.023
-0.022
0.002
-0.014
-0.048
-0.038
-0.030
0.035
-0.028
-0.025
-0.026
-0.004
0.005
0.051
-0.013
0.001
0.025
-0.018
-0.019
-0.012
-0.040
-0.006
0.029
-0.018
-0.029
-0.020
-0.023
-0.027
-0.025
-0.036
-0.008
0.043
-0.021
-0.026
-0.020
-0.022
-0.154
0.026
-0.015
-0.005
-0.038
-0.028
-0.023
-0.025
-0.009
-0.263
-0.056
-0.028
0.000
-0.033
-0.034
-0.022
-0.034
0.037
-0.067
-0.021
-0.087
-0.045
-0.019
-0.028
-0.027
-0.021
-0.081
-0.030
-0.063
-0.016
-0.034
-0.025
-0.026
-0.018
-0.046
-0.032
-0.039
-0.041
-0.028
-0.023
-0.026
-0.019
0.144
-0.002
-0.026
0.002
-0.022
-0.012
-0.020
-0.022
-0.021
-0.023
-0.051
-0.120
-0.025
-0.021
-0.021
-0.025
-0.042
0.029
0.012
-0.068
-0.020
-0.014
-0.024
-0.026
-0.029
-0.004
-0.058
-0.119
-0.024
-0.032
-0.020
-0.022
-0.025
-0.013
-0.057
-0.022
-0.011
0.009
-0.025
-0.020
-0.027
-0.036
-0.051
-0.053
-0.002
0.165
-0.020
-0.027
-0.017
-0.013
-0.008
-0.028
-0.109
-0.015
-0.020
-0.009
-0.017
-0.021
-0.014
0.022
-0.054
0.043
-0.008
-0.017
-0.024
-0.023
-0.017
0.006
-0.011
0.007
-0.067
-0.024
-0.019
-0.022
-0.024
-0.029
0.002
0.029
-0.048
-0.024
-0.056
-0.025
-0.030
-0.020
-0.028
-0.003
-0.130
-0.019
0.001
-0.023
-0.020
-0.023
-0.018
-0.001
-0.039
-0.039
-0.026
-0.024
-0.023
-0.030
-0.016
-0.017
-0.022
0.111
-0.025
-0.011
-0.017
-0.021
-0.020
-0.042
-0.070
-0.054
-0.028
-0.031
-0.027
-0.025
-0.026
-0.044
-0.020
-0.054
-0.030
-0.029
-0.017
-0.022
-0.014
-0.055
-0.139
-0.029
-0.035
-0.009
-0.037
-0.021
-0.025
-0.044
-0.004
0.123
-0.003
-0.017
-0.007
-0.019
-0.022
-0.014
-0.043
-0.067
-0.129
-0.011
-0.028
-0.028
-0.033
-0.007
-0.030
-0.054
-0.014
-0.002
-0.021
-0.020
-0.024
-0.028
-0.111
0.000
-0.032
-0.002
0.011
0.016
-0.026
-0.013
-0.016
-0.004
-0.014
-0.024
0.153
-0.027
-0.016
-0.020
-0.040
-0.019
-0.056
-0.138
0.078
-0.038
-0.022
-0.005
-0.026
-0.015
-0.018
-0.029
0.016
-0.022
-0.018
-0.021
-0.020
-0.020
-0.020
-0.045
-0.026
-0.022
0.008
-0.025
-0.029
-0.097
-0.036
-0.009
-0.049
-0.010
-0.021
-0.016
-0.018
-0.026
-0.021
-0.017
-0.170
-0.030
-0.016
-0.038
-0.024
-0.022
-0.022
-0.046
-0.080
-0.027
-0.022
-0.011
-0.016
-0.028
-0.036
0.019
-0.023
-0.038
-0.010
-0.024
-0.068
-0.019
-0.022
0.064
0.008
-0.041
0.005
-0.031
-0.018
-0.026
-0.030
-0.032
-0.026
0.032
-0.033
-0.022
