Time,Pitch_position,Yaw_position,Normal1,Normal2,Side1,Side2,Axial,Roll,Normal,Side,Pitch,Yaw
hh:mm:ss.ms,degree,degree,lb,lb,lb,lb,lb,in-lb,lb,lb,in-lb,in-lb
16:41:46.324,0.000139,4.000000,0.001481,-0.001142,-0.000846,-0.001090,0.000800,-0.019343,0.000339,0.003181,0.000295,-0.001936
16:41:50.074,0.000077,4.000000,0.001772,-0.001484,-0.000702,-0.001230,0.000907,-0.016139,0.000287,0.003947,0.000640,-0.001932
16:41:50.327,0.000046,4.000000,0.001483,-0.001433,-0.000901,-0.001454,0.001176,-0.017420,0.000050,0.003535,0.000671,-0.002355
16:41:50.604,0.000043,4.000000,0.001451,-0.001265,-0.001014,-0.001696,0.001018,-0.016408,0.000187,0.003293,0.000827,-0.002710
16:41:50.881,0.000041,4.000000,0.001341,-0.001089,-0.001135,-0.002583,0.000809,-0.016932,0.000252,0.002947,0.001755,-0.003717
16:41:51.075,0.000038,4.000000,0.001515,-0.001481,-0.000635,-0.001172,0.000746,-0.016893,0.000034,0.003632,0.000651,-0.001807
16:41:51.325,0.000036,4.000000,0.001473,-0.001430,-0.000812,-0.000585,0.000824,-0.018026,0.000043,0.003521,-0.000276,-0.001397
16:41:51.575,0.000033,4.000000,0.001099,-0.001094,-0.000843,-0.001390,0.000747,-0.017642,0.000005,0.002659,0.000663,-0.002233
16:41:51.845,0.000029,4.000000,0.001502,-0.001145,-0.000923,-0.001005,0.000920,-0.018535,0.000357,0.003210,0.000099,-0.001928
16:41:52.124,0.000026,4.000000,0.001645,-0.001039,-0.000981,-0.001486,0.000991,-0.017296,0.000607,0.003255,0.000612,-0.002467
16:41:52.325,0.000025,4.000000,0.001420,-0.000917,-0.000840,-0.002496,0.000907,-0.017245,0.000503,0.002834,0.002008,-0.003336
16:41:52.575,0.000024,4.000000,0.001359,-0.000918,-0.000774,-0.002307,0.000962,-0.016991,0.000440,0.002761,0.001859,-0.003082
16:41:52.825,0.000022,4.000000,0.001422,-0.001031,-0.000943,-0.001208,0.001032,-0.017279,0.000391,0.002974,0.000322,-0.002151
16:41:53.102,0.000020,4.000000,0.001406,-0.001053,-0.000831,-0.001749,0.000858,-0.016893,0.000353,0.002981,0.001113,-0.002581
16:41:53.383,0.000017,4.000000,0.001463,-0.001171,-0.001321,-0.002938,0.000687,-0.016841,0.000292,0.003194,0.001960,-0.004259
16:41:53.575,0.000015,4.000000,0.001420,-0.001248,-0.000963,-0.003260,0.000886,-0.016311,0.000172,0.003235,0.002786,-0.004223
16:41:53.825,0.000014,4.000000,0.001365,-0.001172,-0.000595,-0.002567,0.000868,-0.015899,0.000193,0.003076,0.002391,-0.003161
16:41:54.075,0.000011,4.000000,0.001764,-0.001108,-0.000489,-0.001510,0.001067,-0.015523,0.000656,0.003483,0.001239,-0.001999
16:41:54.347,0.000009,4.000000,0.001613,-0.001196,-0.000829,-0.001960,0.001038,-0.016389,0.000418,0.003406,0.001372,-0.002789
16:41:54.625,0.000006,4.000000,0.001300,-0.000895,-0.000971,-0.001758,0.000927,-0.016682,0.000405,0.002661,0.000954,-0.002730
16:41:54.825,0.000005,4.000000,0.001503,-0.000887,-0.001151,-0.001216,0.000990,-0.017613,0.000616,0.002898,0.000078,-0.002367
16:41:55.075,0.000003,4.000000,0.001826,-0.001165,-0.001079,-0.002373,0.000953,-0.016724,0.000662,0.003627,0.001569,-0.003451
16:41:55.325,0.000001,4.000000,0.001949,-0.001027,-0.000926,-0.002620,0.000931,-0.016304,0.000923,0.003608,0.002054,-0.003546
16:41:55.603,-0.000001,4.000000,0.001538,-0.000772,-0.001167,-0.000373,0.000918,-0.017719,0.000766,0.002801,-0.000963,-0.001539
16:41:55.884,-0.000002,4.000000,0.001485,-0.000718,-0.001210,-0.000476,0.001056,-0.018277,0.000767,0.002672,-0.000890,-0.001686
16:41:56.075,-0.000005,4.000000,0.001732,-0.001019,-0.001054,-0.002356,0.000995,-0.017702,0.000712,0.003336,0.001579,-0.003410
16:41:56.325,-0.000007,4.000000,0.001776,-0.001188,-0.001023,-0.002679,0.000772,-0.017122,0.000588,0.003594,0.002009,-0.003702
16:41:56.575,-0.000009,4.000000,0.001357,-0.000769,-0.000634,-0.002024,0.000866,-0.017019,0.000588,0.002578,0.001685,-0.002659
16:41:56.850,-0.000010,4.000000,0.001391,-0.000838,-0.000395,-0.000636,0.001024,-0.016327,0.000553,0.002703,0.000292,-0.001031
16:41:57.129,-0.000011,4.000000,0.001434,-0.000731,-0.000851,0.000510,0.001174,-0.017088,0.000703,0.002625,-0.001650,-0.000342
16:41:57.325,-0.000013,4.000000,0.001533,-0.000951,-0.000819,0.000583,0.001069,-0.017048,0.000582,0.003012,-0.001700,-0.000236
16:41:57.575,-0.000014,4.000000,0.001430,-0.001018,-0.000956,0.000046,0.000875,-0.017219,0.000411,0.002968,-0.001214,-0.000910
16:41:57.825,-0.000016,4.000000,0.001560,-0.000751,-0.000780,-0.000353,0.000787,-0.017145,0.000809,0.002803,-0.000517,-0.001133
16:41:58.096,-0.000016,4.000000,0.001691,-0.000794,-0.000867,-0.000846,0.000818,-0.017352,0.000897,0.003012,-0.000025,-0.001712
16:41:58.376,-0.000017,4.000000,0.001583,-0.000672,-0.000796,-0.001290,0.001023,-0.016665,0.000912,0.002734,0.000599,-0.002086
16:41:58.575,-0.000019,4.000000,0.001687,-0.000776,-0.000697,-0.002160,0.001185,-0.016599,0.000911,0.002986,0.001774,-0.002856
16:41:58.825,-0.000021,4.000000,0.001704,-0.001056,-0.000704,-0.001375,0.001138,-0.016372,0.000648,0.003346,0.000814,-0.002079
16:41:59.075,-0.000022,4.000000,0.001481,-0.001091,-0.000558,-0.000357,0.000963,-0.017714,0.000390,0.003118,-0.000244,-0.000915
16:41:59.350,-0.000023,4.000000,0.001390,-0.000773,-0.000660,-0.001674,0.000764,-0.017583,0.000617,0.002623,0.001230,-0.002334
16:41:59.629,-0.000024,4.000000,0.001781,-0.001081,-0.000799,-0.002842,0.000794,-0.017693,0.000700,0.003471,0.002477,-0.003641
16:41:59.825,-0.000025,4.000000,0.001549,-0.001024,-0.000896,-0.002346,0.000428,-0.017357,0.000524,0.003119,0.001758,-0.003242
16:42:00.075,-0.000025,4.000000,0.001542,-0.000892,-0.001046,-0.000671,0.000371,-0.018361,0.000650,0.002952,-0.000454,-0.001717
16:42:00.325,-0.000026,4.000000,0.001587,-0.000675,-0.000927,-0.000840,0.000509,-0.017969,0.000913,0.002743,-0.000106,-0.001767
16:42:00.597,-0.000027,4.000000,0.001596,-0.000994,-0.000704,-0.002294,0.000610,-0.016195,0.000602,0.003141,0.001928,-0.002999
16:42:00.873,-0.000028,4.000000,0.001745,-0.001272,-0.000744,-0.002073,0.000657,-0.016625,0.000472,0.003658,0.001611,-0.002817
16:42:01.075,-0.000030,4.000000,0.001926,-0.001400,-0.000670,-0.001115,0.000838,-0.015266,0.000526,0.004033,0.000539,-0.001785
16:42:01.325,-0.000032,4.000000,0.001581,-0.000821,-0.000664,-0.000955,0.000706,-0.016360,0.000759,0.002913,0.000352,-0.001619
16:42:01.574,-0.000033,4.000000,0.001553,-0.000705,-0.000835,-0.001384,0.000695,-0.017299,0.000847,0.002738,0.000666,-0.002219
16:42:01.848,-0.000034,4.000000,0.001832,-0.000895,-0.000980,-0.001948,0.000637,-0.017082,0.000937,0.003306,0.001174,-0.002927
16:42:02.127,-0.000034,4.000000,0.001749,-0.001085,-0.000907,-0.002208,0.000687,-0.016333,0.000663,0.003436,0.001578,-0.003114
16:42:02.324,-0.000034,4.000000,0.001600,-0.000831,-0.001069,-0.001886,0.000675,-0.016584,0.000769,0.002948,0.000991,-0.002955
16:42:02.574,-0.000034,4.000000,0.001655,-0.000748,-0.000914,-0.002228,0.000619,-0.016226,0.000907,0.002913,0.001594,-0.003142
16:42:02.824,-0.000035,4.000000,0.001695,-0.000952,-0.000934,-0.002674,0.000557,-0.016542,0.000743,0.003210,0.002110,-0.003608
16:42:03.107,-0.000036,4.000000,0.001742,-0.001268,-0.001017,-0.002890,0.000791,-0.016492,0.000474,0.003649,0.002271,-0.003908
16:42:03.324,-0.000036,4.000000,0.001433,-0.001223,-0.001078,-0.002314,0.000997,-0.016751,0.000210,0.003220,0.001498,-0.003392
16:42:03.574,-0.000036,4.000000,0.001339,-0.001166,-0.001264,-0.002932,0.000924,-0.016402,0.000174,0.003037,0.002022,-0.004196
16:42:03.830,-0.000036,4.000000,0.001473,-0.001181,-0.001088,-0.002599,0.000917,-0.016276,0.000292,0.003217,0.001833,-0.003687
16:42:04.107,-0.000037,4.000000,0.001646,-0.001313,-0.001312,-0.001998,0.000977,-0.016458,0.000333,0.003588,0.000831,-0.003310
16:42:04.379,-0.000038,4.000000,0.001614,-0.000919,-0.001201,-0.002075,0.001013,-0.016687,0.000695,0.003071,0.001060,-0.003277
16:42:04.574,-0.000039,4.000000,0.001591,-0.000781,-0.001108,-0.000746,0.000918,-0.017385,0.000810,0.002875,-0.000439,-0.001854
16:42:04.824,-0.000040,4.000000,0.001746,-0.000850,-0.001107,0.000367,0.000764,-0.017701,0.000896,0.003148,-0.001787,-0.000740
16:42:05.074,-0.000040,4.000000,0.001805,-0.000690,-0.001240,0.000400,0.000868,-0.018285,0.001115,0.003026,-0.001988,-0.000840
16:42:05.343,-0.000041,4.000000,0.001547,-0.000605,-0.001319,-0.001787,0.000884,-0.018180,0.000943,0.002609,0.000567,-0.003106
16:42:05.626,-0.000041,4.000000,0.001372,-0.000667,-0.001323,-0.002296,0.000819,-0.017664,0.000705,0.002472,0.001180,-0.003620
16:42:05.824,-0.000041,4.000000,0.001342,-0.001118,-0.001310,-0.002965,0.000814,-0.017111,0.000225,0.002983,0.002007,-0.004274
16:42:06.088,-0.000042,4.000000,0.001764,-0.001160,-0.001214,-0.004275,0.000760,-0.016949,0.000604,0.003545,0.003712,-0.005489
16:42:06.371,-0.000043,4.000000,0.001561,-0.000781,-0.000978,-0.003054,0.000764,-0.017561,0.000780,0.002840,0.002518,-0.004032
16:42:06.574,-0.000043,4.000000,0.001437,-0.000630,-0.000849,-0.001970,0.000635,-0.017607,0.000807,0.002506,0.001359,-0.002819
16:42:06.824,-0.000043,4.000000,0.001516,-0.000810,-0.000606,-0.002189,0.000739,-0.016994,0.000706,0.002821,0.001919,-0.002795
16:42:07.074,-0.000043,4.000000,0.001461,-0.000833,-0.000795,-0.001772,0.000765,-0.017514,0.000628,0.002781,0.001184,-0.002567
16:42:07.350,-0.000043,4.000000,0.001537,-0.000697,-0.000841,-0.001616,0.000614,-0.018406,0.000840,0.002708,0.000940,-0.002457
16:42:07.630,-0.000043,4.000000,0.001562,-0.000655,-0.000706,-0.002765,0.000474,-0.018250,0.000907,0.002689,0.002496,-0.003470
16:42:07.824,-0.000043,4.000000,0.001904,-0.000957,-0.000782,-0.002775,0.000709,-0.018472,0.000947,0.003470,0.002417,-0.003557
16:42:08.074,-0.000043,4.000000,0.001891,-0.001051,-0.000764,-0.001813,0.000766,-0.018688,0.000840,0.003567,0.001272,-0.002577
16:42:08.324,-0.000043,4.000000,0.001513,-0.001016,-0.000827,-0.001259,0.000738,-0.018410,0.000497,0.003066,0.000524,-0.002085
16:42:08.604,-0.000043,4.000000,0.001412,-0.001030,-0.000760,-0.001965,0.000860,-0.017795,0.000382,0.002961,0.001462,-0.002725
16:42:08.882,-0.000043,4.000000,0.001383,-0.000938,-0.000746,-0.002431,0.001008,-0.018176,0.000446,0.002815,0.002044,-0.003177
16:42:09.075,-0.000043,4.000000,0.001431,-0.001038,-0.000804,-0.001897,0.001084,-0.018299,0.000393,0.002994,0.001325,-0.002701
16:42:09.325,-0.000043,4.000000,0.001456,-0.001093,-0.000806,-0.002863,0.000932,-0.017952,0.000363,0.003091,0.002494,-0.003670
16:42:09.575,-0.000043,4.000000,0.001581,-0.001239,-0.000683,-0.004022,0.000711,-0.017872,0.000342,0.003419,0.004048,-0.004705
16:42:09.849,-0.000043,4.000000,0.001497,-0.001122,-0.000747,-0.003353,0.000682,-0.018418,0.000374,0.003176,0.003159,-0.004100
16:42:10.130,-0.000043,4.000000,0.001707,-0.001072,-0.000965,-0.003452,0.000844,-0.018179,0.000635,0.003369,0.003016,-0.004417
16:42:10.325,-0.000043,4.000000,0.001781,-0.001121,-0.000816,-0.003377,0.000852,-0.018234,0.000660,0.003519,0.003106,-0.004193
16:42:10.575,-0.000043,4.000000,0.001768,-0.000825,-0.000953,-0.002127,0.000717,-0.018050,0.000943,0.003144,0.001423,-0.003081
16:42:10.825,-0.000043,4.000000,0.002016,-0.000994,-0.000939,-0.000715,0.000631,-0.018296,0.001023,0.003650,-0.000271,-0.001654
16:42:11.101,-0.000043,4.000000,0.001978,-0.000794,-0.000871,0.000085,0.000655,-0.018317,0.001184,0.003362,-0.001159,-0.000786
16:42:11.380,-0.000043,4.000000,0.001917,-0.000635,-0.001220,-0.000562,0.000694,-0.018674,0.001281,0.003094,-0.000798,-0.001782
16:42:11.575,-0.000043,4.000000,0.002012,-0.001008,-0.001270,-0.001252,0.000859,-0.018393,0.001004,0.003662,-0.000022,-0.002522
16:42:11.825,-0.000043,4.000000,0.001961,-0.001123,-0.001131,-0.001665,0.000734,-0.018454,0.000838,0.003740,0.000647,-0.002796
16:42:12.075,-0.000043,4.000000,0.002047,-0.000948,-0.001136,-0.002962,0.000655,-0.017790,0.001099,0.003632,0.002214,-0.004098
16:42:12.352,-0.000043,4.000000,0.001739,-0.000781,-0.001101,-0.003814,0.000820,-0.017232,0.000958,0.003055,0.003288,-0.004915
16:42:12.631,-0.000043,4.000000,0.001684,-0.001153,-0.001376,-0.004128,0.000815,-0.017491,0.000531,0.003439,0.003337,-0.005505
16:42:12.825,-0.000043,4.000000,0.001856,-0.001287,-0.001429,-0.004080,0.000573,-0.017315,0.000569,0.003811,0.003213,-0.005509
16:42:13.075,-0.000043,4.000000,0.001653,-0.001156,-0.001311,-0.004153,0.000425,-0.017151,0.000497,0.003406,0.003445,-0.005464
16:42:13.325,-0.000043,4.000000,0.001539,-0.001081,-0.001057,-0.004581,0.000424,-0.016836,0.000457,0.003176,0.004273,-0.005638
16:42:13.596,-0.000043,4.000000,0.001554,-0.000825,-0.001202,-0.004636,0.000601,-0.016738,0.000729,0.002885,0.004165,-0.005838
16:42:13.875,-0.000043,4.000000,0.002332,-0.001171,-0.000933,-0.003679,0.000735,-0.017065,0.001161,0.004247,0.003330,-0.004612
16:42:14.075,-0.000043,4.000000,0.002289,-0.001317,-0.001004,-0.002816,0.000663,-0.017804,0.000972,0.004373,0.002197,-0.003820
16:42:14.325,-0.000043,4.000000,0.001341,-0.000605,-0.001040,-0.002859,0.000697,-0.017829,0.000736,0.002359,0.002205,-0.003898
16:42:14.575,-0.000043,4.000000,0.001539,-0.000777,-0.001078,-0.002854,0.000944,-0.017184,0.000761,0.002808,0.002153,-0.003933
16:42:14.825,-0.000043,4.000000,0.001711,-0.001170,-0.001099,-0.002132,0.000817,-0.017131,0.000541,0.003494,0.001253,-0.003231
16:42:15.075,-0.000043,4.000000,0.001822,-0.001227,-0.001042,-0.001732,0.000801,-0.017485,0.000596,0.003697,0.000837,-0.002774
16:42:15.325,-0.000042,4.000000,0.001441,-0.000689,-0.001005,-0.001455,0.000937,-0.017639,0.000752,0.002582,0.000545,-0.002460
16:42:15.575,-0.000041,4.000000,0.001591,-0.000623,-0.001043,-0.001939,0.000841,-0.017190,0.000967,0.002685,0.001087,-0.002982
16:42:15.825,-0.000041,4.000000,0.001874,-0.001039,-0.000821,-0.003517,0.000932,-0.016434,0.000835,0.003532,0.003269,-0.004338
16:42:16.075,-0.000042,4.000000,0.001689,-0.001273,-0.000929,-0.003846,0.000938,-0.016153,0.000416,0.003592,0.003537,-0.004775
16:42:16.325,-0.000043,4.000000,0.001602,-0.000933,-0.001046,-0.003641,0.000866,-0.016345,0.000669,0.003074,0.003146,-0.004688
16:42:16.575,-0.000043,4.000000,0.001684,-0.000856,-0.000985,-0.003145,0.000862,-0.017075,0.000828,0.003080,0.002619,-0.004130
16:42:16.825,-0.000043,4.000000,0.001786,-0.000973,-0.000989,-0.001885,0.001002,-0.017487,0.000814,0.003345,0.001087,-0.002875
16:42:17.075,-0.000043,4.000000,0.001937,-0.001249,-0.000969,-0.000735,0.000962,-0.017756,0.000688,0.003862,-0.000284,-0.001703
16:42:17.325,-0.000042,4.000000,0.001378,-0.000855,-0.000909,-0.000467,0.001023,-0.018129,0.000522,0.002707,-0.000535,-0.001376
16:42:17.575,-0.000041,4.000000,0.001466,-0.000881,-0.000852,-0.000224,0.001020,-0.018300,0.000585,0.002846,-0.000762,-0.001076
16:42:17.825,-0.000041,4.000000,0.001691,-0.001204,-0.000875,-0.000207,0.000991,-0.017803,0.000487,0.003511,-0.000810,-0.001082
16:42:18.075,-0.000041,4.000000,0.001950,-0.001365,-0.000850,-0.000159,0.000897,-0.018082,0.000586,0.004019,-0.000838,-0.001010
16:42:18.325,-0.000041,4.000000,0.001505,-0.000964,-0.000717,-0.000366,0.001086,-0.018188,0.000540,0.002994,-0.000426,-0.001083
16:42:18.575,-0.000041,4.000000,0.001294,-0.000952,-0.000575,-0.001228,0.001202,-0.017697,0.000342,0.002723,0.000792,-0.001803
16:42:18.824,-0.000041,4.000000,0.001719,-0.001322,-0.000715,-0.002458,0.001300,-0.016864,0.000398,0.003687,0.002114,-0.003173
16:42:19.074,-0.000041,4.000000,0.002337,-0.001627,-0.000869,-0.001722,0.001315,-0.017153,0.000710,0.004805,0.001034,-0.002591
16:42:19.324,-0.000041,4.000000,0.002018,-0.001194,-0.000620,-0.000418,0.001580,-0.017860,0.000824,0.003894,-0.000245,-0.001039
16:42:19.574,-0.000041,4.000000,0.002311,-0.001654,-0.000915,-0.001212,0.001537,-0.018215,0.000657,0.004807,0.000360,-0.002127
16:42:19.824,-0.000041,4.000000,0.002963,-0.002346,-0.000671,-0.003006,0.001763,-0.017809,0.000617,0.006437,0.002831,-0.003676
16:42:20.074,-0.000041,4.000000,0.003727,-0.003217,-0.000983,-0.004236,0.002171,-0.017169,0.000509,0.008420,0.003945,-0.005219
16:42:20.324,-0.000040,4.000000,0.004249,-0.003685,-0.000649,-0.004224,0.002160,-0.016762,0.000563,0.009620,0.004335,-0.004873
16:42:20.574,-0.000039,4.000000,0.006130,-0.004907,-0.000305,-0.003542,0.001912,-0.016746,0.001223,0.013382,0.003926,-0.003847
16:42:20.824,-0.000039,4.000000,0.005852,-0.004454,-0.001125,-0.002821,0.001862,-0.017406,0.001398,0.012496,0.002057,-0.003946
16:42:21.074,-0.000039,4.000000,0.006943,-0.005528,-0.000249,-0.001824,0.002082,-0.016595,0.001415,0.015121,0.001910,-0.002073
16:42:21.324,-0.000039,4.000000,0.008253,-0.006170,-0.000760,-0.000749,0.001746,-0.017259,0.002083,0.017488,-0.000013,-0.001509
16:42:21.574,-0.000039,4.000000,0.008547,-0.006309,-0.000539,-0.000848,0.002061,-0.017397,0.002238,0.018013,0.000375,-0.001387
16:42:21.824,-0.000039,4.000000,0.010660,-0.007993,-0.000603,-0.000289,0.002562,-0.017361,0.002667,0.022617,-0.000380,-0.000891
16:42:22.074,-0.000039,4.000000,0.014494,-0.010978,-0.000856,-0.001354,0.002893,-0.016852,0.003516,0.030886,0.000603,-0.002210
16:42:22.324,-0.000039,4.000000,0.014789,-0.011927,-0.000414,-0.002365,0.002940,-0.015976,0.002863,0.032393,0.002366,-0.002779
16:42:22.574,-0.000039,4.000000,0.016933,-0.013407,-0.000551,-0.001433,0.003286,-0.016391,0.003525,0.036787,0.001069,-0.001984
16:42:22.824,-0.000038,4.000000,0.022106,-0.017286,-0.001060,-0.000149,0.004001,-0.016758,0.004820,0.047762,-0.001104,-0.001209
16:42:23.074,-0.000037,4.000000,0.025762,-0.020402,-0.000791,0.000507,0.004414,-0.016054,0.005360,0.055975,-0.001574,-0.000284
16:42:23.324,-0.000036,4.000000,0.030953,-0.024533,-0.000228,-0.000787,0.004836,-0.015290,0.006420,0.067276,0.000678,-0.001015
16:42:23.574,-0.000036,4.000000,0.036532,-0.029076,-0.000953,-0.001623,0.005866,-0.014386,0.007456,0.079551,0.000813,-0.002576
16:42:23.824,-0.000036,4.000000,0.046703,-0.036705,-0.000880,-0.002576,0.006635,-0.013356,0.009998,0.101133,0.002057,-0.003456
16:42:24.074,-0.000036,4.000000,0.058330,-0.045843,-0.001585,-0.002932,0.007608,-0.012689,0.012487,0.126310,0.001633,-0.004517
16:42:24.324,-0.000036,4.000000,0.071879,-0.056325,-0.002247,-0.002274,0.008970,-0.011845,0.015554,0.155448,0.000032,-0.004522
16:42:24.574,-0.000036,4.000000,0.086992,-0.068054,-0.002003,-0.000932,0.010333,-0.011389,0.018938,0.187993,-0.001298,-0.002934
16:42:24.824,-0.000036,4.000000,0.103571,-0.081402,-0.002375,0.000318,0.011627,-0.008296,0.022169,0.224280,-0.003266,-0.002058
16:42:25.074,-0.000036,4.000000,0.124147,-0.097784,-0.003295,0.000561,0.013452,-0.008771,0.026363,0.269092,-0.004675,-0.002733
16:42:25.324,-0.000036,4.000000,0.147071,-0.115861,-0.003337,-0.000334,0.015547,-0.007503,0.031211,0.318805,-0.003642,-0.003671
16:42:25.574,-0.000035,4.000000,0.171468,-0.135290,-0.003223,-0.000647,0.017746,-0.009767,0.036178,0.371944,-0.003124,-0.003870
16:42:25.824,-0.000034,4.000000,0.198004,-0.156039,-0.003391,-0.000094,0.020002,-0.010453,0.041965,0.429277,-0.003997,-0.003486
16:42:26.075,-0.000034,4.000000,0.222872,-0.175855,-0.002855,0.000352,0.022355,-0.008188,0.047017,0.483456,-0.003889,-0.002504
16:42:26.325,-0.000034,4.000000,0.251552,-0.198742,-0.002256,0.002445,0.025284,-0.013274,0.052810,0.545982,-0.005700,0.000189
16:42:26.575,-0.000034,4.000000,0.283472,-0.223523,-0.001647,0.004436,0.027870,-0.012966,0.059949,0.614732,-0.007375,0.002790
16:42:26.825,-0.000034,4.000000,0.314549,-0.248360,-0.002691,0.005962,0.030522,-0.014307,0.066189,0.682527,-0.010492,0.003272
16:42:27.075,-0.000034,4.000000,0.348134,-0.274785,-0.002341,0.006426,0.033431,-0.009515,0.073348,0.755289,-0.010630,0.004085
16:42:27.325,-0.000033,4.000000,0.382899,-0.302206,-0.001197,0.005956,0.036539,-0.007543,0.080693,0.830689,-0.008672,0.004759
16:42:27.575,-0.000032,4.000000,0.415325,-0.328532,-0.001127,0.005892,0.039491,-0.003512,0.086792,0.901927,-0.008511,0.004766
16:42:27.825,-0.000031,4.000000,0.451258,-0.356974,-0.000297,0.006383,0.042773,-0.001036,0.094284,0.979981,-0.008100,0.006087
16:42:28.075,-0.000031,4.000000,0.489215,-0.387196,0.000106,0.007854,0.045766,0.000495,0.102019,1.062649,-0.009394,0.007960
16:42:28.325,-0.000030,4.000000,0.531046,-0.420240,-0.000638,0.009998,0.049149,0.005635,0.110807,1.153434,-0.012896,0.009361
16:42:28.575,-0.000030,4.000000,0.570973,-0.452217,0.000277,0.011245,0.052473,0.008381,0.118756,1.240619,-0.013299,0.011522
16:42:28.825,-0.000030,4.000000,0.612780,-0.485022,-0.000775,0.011458,0.055040,0.009472,0.127758,1.331085,-0.014832,0.010683
16:42:29.075,-0.000030,4.000000,0.631772,-0.499830,0.000937,0.011588,0.055871,0.012013,0.131943,1.372067,-0.012915,0.012526
16:42:29.325,-0.000030,4.000000,0.638630,-0.505160,0.002511,0.011705,0.057238,0.013114,0.133470,1.386846,-0.011148,0.014216
16:42:29.575,-0.000030,4.000000,0.652048,-0.514897,-0.002203,0.012897,0.057601,0.012603,0.137151,1.414921,-0.018309,0.010694
16:42:29.825,-0.000030,4.000000,0.661334,-0.523174,0.000977,0.013614,0.058286,0.016920,0.138160,1.436215,-0.015322,0.014591
16:42:30.075,-0.000030,4.000000,0.662907,-0.525040,0.000520,0.012933,0.059081,0.015503,0.137867,1.440386,-0.015051,0.013453
16:42:30.325,-0.000029,4.000000,0.664279,-0.525613,0.000223,0.014560,0.059233,0.016943,0.138666,1.442743,-0.017383,0.014782
16:42:30.575,-0.000028,4.000000,0.671313,-0.531437,0.002541,0.015412,0.059789,0.013355,0.139876,1.458334,-0.015606,0.017954
16:42:30.825,-0.000028,4.000000,0.676263,-0.535436,0.002952,0.014737,0.060216,0.023193,0.140827,1.469185,-0.014289,0.017690
16:42:31.075,-0.000028,4.000000,0.680284,-0.538171,-0.000781,0.014217,0.060005,0.018822,0.142113,1.477377,-0.018185,0.013435
16:42:31.325,-0.000028,4.000000,0.680746,-0.539412,0.001217,0.013240,0.060726,0.015824,0.141334,1.479441,-0.014579,0.014457
16:42:31.575,-0.000028,4.000000,0.685560,-0.543364,0.000945,0.012698,0.060831,0.017532,0.142196,1.490070,-0.014251,0.013643
16:42:31.825,-0.000028,4.000000,0.688950,-0.545228,0.000012,0.012807,0.060568,0.023436,0.143722,1.496440,-0.015514,0.012819
16:42:32.075,-0.000028,4.000000,0.693845,-0.549664,-0.000297,0.012935,0.060537,0.030904,0.144181,1.507755,-0.016043,0.012638
16:42:32.325,-0.000028,4.000000,0.700305,-0.556148,-0.003176,0.013992,0.060992,0.024605,0.144157,1.523449,-0.020816,0.010816
16:42:32.575,-0.000028,4.000000,0.700372,-0.556167,-0.000601,0.015256,0.061773,0.020502,0.144205,1.523554,-0.019227,0.014655
16:42:32.825,-0.000027,4.000000,0.696971,-0.553374,0.002563,0.014504,0.062596,0.019507,0.143597,1.516043,-0.014478,0.017067
16:42:33.075,-0.000026,4.000000,0.700439,-0.555782,-0.000334,0.014856,0.062093,0.016064,0.144657,1.523169,-0.018418,0.014521
16:42:33.325,-0.000026,4.000000,0.703035,-0.557277,-0.001944,0.015171,0.062072,0.016134,0.145758,1.528128,-0.020752,0.013228
16:42:33.575,-0.000026,4.000000,0.698078,-0.553370,0.002043,0.013999,0.062033,0.015343,0.144708,1.517381,-0.014497,0.016041
16:42:33.825,-0.000026,4.000000,0.686673,-0.545052,-0.000320,0.015657,0.061144,0.009404,0.141621,1.493466,-0.019372,0.015337
16:42:34.075,-0.000026,4.000000,0.675971,-0.537158,0.001920,0.016021,0.060982,0.018319,0.138813,1.470919,-0.017097,0.017941
16:42:34.325,-0.000026,4.000000,0.673413,-0.535433,0.002371,0.015601,0.061031,0.023531,0.137979,1.465726,-0.016041,0.017973
16:42:34.575,-0.000026,4.000000,0.674507,-0.536274,-0.000897,0.015006,0.060590,0.022753,0.138233,1.468072,-0.019281,0.014109
16:42:34.825,-0.000026,4.000000,0.671799,-0.534768,0.001222,0.014371,0.060010,0.028810,0.137031,1.462962,-0.015944,0.015593
16:42:35.075,-0.000026,4.000000,0.667227,-0.531952,0.002403,0.013749,0.060122,0.034355,0.135275,1.454005,-0.013757,0.016152
16:42:35.325,-0.000025,4.000000,0.662853,-0.528081,0.000770,0.013375,0.059910,0.041228,0.134772,1.444008,-0.015283,0.014145
16:42:35.598,-0.000024,4.000000,0.663050,-0.526719,0.003823,0.013775,0.059262,0.042000,0.136331,1.442595,-0.012067,0.017599
16:42:35.825,-0.000024,4.000000,0.669640,-0.531249,0.001705,0.013760,0.059648,0.036442,0.138392,1.456078,-0.014617,0.015465
16:42:36.075,-0.000024,4.000000,0.683740,-0.541708,0.002575,0.012966,0.060050,0.040072,0.142032,1.485856,-0.012599,0.015541
16:42:36.324,-0.000024,4.000000,0.684164,-0.540853,0.004776,0.012629,0.060251,0.033807,0.143311,1.485333,-0.009521,0.017405
16:42:36.574,-0.000024,4.000000,0.682282,-0.538271,0.001659,0.015025,0.059833,0.029609,0.144011,1.479920,-0.016206,0.016683
16:42:36.824,-0.000024,4.000000,0.687863,-0.542596,0.002211,0.016561,0.060510,0.016391,0.145267,1.491932,-0.017399,0.018772
16:42:37.074,-0.000024,4.000000,0.683972,-0.539458,0.002838,0.015861,0.060573,0.014822,0.144513,1.483409,-0.015791,0.018698
16:42:37.324,-0.000024,4.000000,0.673380,-0.530337,0.002439,0.015208,0.059513,0.034286,0.143043,1.459506,-0.015482,0.017647
16:42:37.574,-0.000024,4.000000,0.667436,-0.526852,0.000642,0.014803,0.059616,0.037752,0.140585,1.448074,-0.017170,0.015445
16:42:37.824,-0.000024,4.000000,0.669465,-0.530962,0.001231,0.015527,0.059938,0.036105,0.138503,1.455518,-0.017334,0.016758
16:42:38.074,-0.000024,4.000000,0.667000,-0.531677,0.000241,0.016325,0.059658,0.047352,0.135322,1.453396,-0.019501,0.016566
16:42:38.324,-0.000023,4.000000,0.664849,-0.530287,0.000074,0.016225,0.059847,0.040989,0.134562,1.449102,-0.019583,0.016299
16:42:38.574,-0.000022,4.000000,0.666798,-0.531374,-0.002900,0.014955,0.059610,0.028084,0.135423,1.452783,-0.021649,0.012055
16:42:38.824,-0.000021,4.000000,0.671608,-0.534747,-0.001506,0.013555,0.059505,0.025092,0.136861,1.462706,-0.018262,0.012049
16:42:39.074,-0.000021,4.000000,0.673711,-0.535957,0.003705,0.012507,0.059625,0.035921,0.137754,1.466723,-0.010672,0.016212
16:42:39.324,-0.000021,4.000000,0.681968,-0.541538,0.004319,0.013062,0.061156,0.030833,0.140429,1.483501,-0.010602,0.017381
16:42:39.574,-0.000021,4.000000,0.690584,-0.547405,0.002481,0.015364,0.060804,0.028197,0.143179,1.501063,-0.015620,0.017845
16:42:39.824,-0.000021,4.000000,0.693364,-0.549449,-0.000704,0.015717,0.059875,0.028081,0.143915,1.506910,-0.019910,0.015013
16:42:40.074,-0.000021,4.000000,0.701405,-0.556115,0.002019,0.015745,0.061107,0.027318,0.145291,1.524743,-0.016644,0.017764
16:42:40.324,-0.000021,4.000000,0.704900,-0.559300,-0.001059,0.015868,0.060519,0.032128,0.145601,1.532843,-0.020524,0.014809
16:42:40.574,-0.000020,4.000000,0.694745,-0.551550,-0.002159,0.016463,0.059589,0.029580,0.143195,1.511132,-0.022579,0.014304
16:42:40.824,-0.000019,4.000000,0.682504,-0.541699,0.003859,0.016771,0.059410,0.036186,0.140805,1.484347,-0.015656,0.020630
16:42:41.074,-0.000019,4.000000,0.675733,-0.536315,0.000618,0.016755,0.059064,0.031262,0.139417,1.469608,-0.019567,0.017373
16:42:41.324,-0.000019,4.000000,0.678352,-0.538171,0.001537,0.016890,0.059291,0.028922,0.140181,1.475035,-0.018616,0.018427
16:42:41.574,-0.000020,4.000000,0.679875,-0.539119,0.000245,0.016016,0.059915,0.033259,0.140756,1.478031,-0.019122,0.016261
16:42:41.824,-0.000021,4.000000,0.678117,-0.537867,-0.004093,0.015004,0.059610,0.035924,0.140250,1.474381,-0.023155,0.010910
16:42:42.074,-0.000021,4.000000,0.679274,-0.539155,0.000796,0.013213,0.059293,0.034904,0.140120,1.477345,-0.015055,0.014009
16:42:42.324,-0.000020,4.000000,0.676740,-0.537214,0.004047,0.012335,0.059264,0.040486,0.139527,1.471919,-0.010050,0.016382
16:42:42.574,-0.000019,4.000000,0.672104,-0.533256,0.001671,0.012350,0.059375,0.040162,0.138848,1.461500,-0.012948,0.014021
16:42:42.824,-0.000018,4.000000,0.663105,-0.525907,0.004753,0.011718,0.058661,0.038045,0.137198,1.441676,-0.008445,0.016471
16:42:43.074,-0.000018,4.000000,0.659930,-0.523170,0.001824,0.011956,0.057932,0.038240,0.136761,1.434509,-0.012285,0.013780
16:42:43.324,-0.000017,4.000000,0.663264,-0.526121,-0.002932,0.013385,0.058340,0.034352,0.137143,1.442129,-0.019785,0.010453
16:42:43.575,-0.000017,4.000000,0.667595,-0.529096,0.003177,0.014162,0.058668,0.039147,0.138499,1.450989,-0.013320,0.017339
16:42:43.825,-0.000017,4.000000,0.671733,-0.532286,0.001894,0.014337,0.058582,0.037325,0.139447,1.459873,-0.015087,0.016231
16:42:44.075,-0.000017,4.000000,0.674985,-0.534998,-0.003440,0.014342,0.058929,0.035512,0.139987,1.467104,-0.021560,0.010902
16:42:44.325,-0.000017,4.000000,0.672913,-0.534005,0.001835,0.014372,0.059194,0.033477,0.138908,1.463387,-0.015200,0.016207
16:42:44.575,-0.000017,4.000000,0.673919,-0.535607,-0.000679,0.014557,0.058916,0.034308,0.138312,1.466551,-0.018473,0.013878
16:42:44.825,-0.000017,4.000000,0.673198,-0.534906,-0.002040,0.013236,0.058941,0.033108,0.138292,1.464826,-0.018522,0.011196
16:42:45.075,-0.000017,4.000000,0.671726,-0.532703,0.004479,0.012256,0.059513,0.030161,0.139023,1.460370,-0.009429,0.016734
16:42:45.325,-0.000017,4.000000,0.669405,-0.530245,0.000011,0.012228,0.059435,0.031506,0.139160,1.454575,-0.014812,0.012239
16:42:45.575,-0.000017,4.000000,0.674743,-0.535045,-0.000621,0.013280,0.059459,0.037785,0.139698,1.466867,-0.016855,0.012659
16:42:45.825,-0.000017,4.000000,0.680834,-0.540652,0.004295,0.014569,0.059987,0.037907,0.140182,1.481052,-0.012457,0.018864
16:42:46.075,-0.000016,4.000000,0.690348,-0.548452,-0.001259,0.015052,0.060922,0.037911,0.141895,1.502045,-0.019777,0.013793
16:42:46.325,-0.000015,4.000000,0.690910,-0.548344,0.002219,0.013865,0.061000,0.041727,0.142566,1.502595,-0.014120,0.016084
16:42:46.575,-0.000015,4.000000,0.688349,-0.546408,0.002531,0.012902,0.061246,0.029952,0.141941,1.497143,-0.012575,0.015433
16:42:46.825,-0.000015,4.000000,0.689783,-0.547710,-0.001523,0.012892,0.060893,0.041049,0.142073,1.500461,-0.017479,0.011369
16:42:47.075,-0.000015,4.000000,0.695673,-0.552022,0.001795,0.013450,0.061400,0.039456,0.143652,1.512830,-0.014132,0.015245
16:42:47.325,-0.000015,4.000000,0.698765,-0.554534,0.001523,0.013614,0.061295,0.036852,0.144231,1.519625,-0.014660,0.015137
16:42:47.575,-0.000015,4.000000,0.697381,-0.553981,-0.003328,0.013494,0.060978,0.035581,0.143400,1.517276,-0.020397,0.010166
16:42:47.825,-0.000015,4.000000,0.700926,-0.556605,0.005388,0.013460,0.061339,0.044570,0.144321,1.524756,-0.009788,0.018848
16:42:48.075,-0.000015,4.000000,0.708716,-0.561713,0.000136,0.014879,0.061915,0.037472,0.147003,1.540395,-0.017876,0.015016
16:42:48.325,-0.000015,4.000000,0.708406,-0.562143,-0.000452,0.015722,0.062103,0.039714,0.146264,1.540541,-0.019612,0.015270
16:42:48.575,-0.000015,4.000000,0.704727,-0.559245,0.002846,0.014748,0.061329,0.036544,0.145482,1.532566,-0.014431,0.017594
16:42:48.825,-0.000015,4.000000,0.701038,-0.555929,-0.000847,0.013376,0.061052,0.031708,0.145109,1.524072,-0.017246,0.012529
16:42:49.075,-0.000015,4.000000,0.703684,-0.557786,-0.000336,0.013062,0.060946,0.033886,0.145899,1.529532,-0.016246,0.012726
16:42:49.325,-0.000015,4.000000,0.707922,-0.561301,0.003520,0.012759,0.061532,0.044069,0.146621,1.538932,-0.011202,0.016278
16:42:49.575,-0.000015,4.000000,0.708844,-0.562648,0.000801,0.013299,0.061484,0.038558,0.146196,1.541684,-0.015154,0.014100
16:42:49.825,-0.000015,4.000000,0.702946,-0.557959,0.000244,0.014172,0.060379,0.039320,0.144987,1.528847,-0.016887,0.014416
16:42:50.075,-0.000015,4.000000,0.688999,-0.547135,-0.000731,0.014061,0.060071,0.032869,0.141863,1.498812,-0.017936,0.013330
16:42:50.325,-0.000015,4.000000,0.688934,-0.546087,0.002801,0.014526,0.060301,0.041144,0.142847,1.497464,-0.014217,0.017327
16:42:50.575,-0.000015,4.000000,0.696111,-0.551176,0.003125,0.014981,0.060671,0.045204,0.144935,1.512336,-0.014375,0.018106
16:42:50.825,-0.000015,4.000000,0.699945,-0.555008,-0.000208,0.014525,0.060512,0.047828,0.144937,1.521630,-0.017864,0.014317
16:42:51.075,-0.000014,4.000000,0.698854,-0.554452,0.003359,0.013551,0.060762,0.048786,0.144402,1.519633,-0.012358,0.016911
16:42:51.325,-0.000013,4.000000,0.698480,-0.553203,0.000827,0.013175,0.060395,0.040594,0.145277,1.517665,-0.014972,0.014002
16:42:51.575,-0.000013,4.000000,0.692020,-0.548364,0.000276,0.013216,0.059733,0.039950,0.143656,1.503966,-0.015689,0.013493
16:42:51.825,-0.000013,4.000000,0.688825,-0.545767,0.002149,0.013683,0.059752,0.038565,0.143058,1.496942,-0.013985,0.015832
16:42:52.075,-0.000013,4.000000,0.684984,-0.543185,0.001546,0.014100,0.059313,0.046428,0.141800,1.489155,-0.015222,0.015647
16:42:52.325,-0.000013,4.000000,0.690257,-0.546486,0.000422,0.015411,0.059179,0.047736,0.143772,1.499551,-0.018173,0.015833
16:42:52.575,-0.000013,4.000000,0.693199,-0.549240,0.001837,0.015439,0.059742,0.047615,0.143958,1.506457,-0.016492,0.017276
16:42:52.825,-0.000013,4.000000,0.686892,-0.545136,0.002853,0.013512,0.059760,0.047713,0.141756,1.493833,-0.012924,0.016365
16:42:53.075,-0.000013,4.000000,0.685679,-0.544182,0.003137,0.013262,0.059947,0.050289,0.141497,1.491207,-0.012277,0.016399
16:42:53.325,-0.000013,4.000000,0.694923,-0.550395,0.002201,0.014640,0.060613,0.042809,0.144528,1.509949,-0.015082,0.016841
16:42:53.575,-0.000013,4.000000,0.697393,-0.552232,0.003093,0.015287,0.060355,0.052146,0.145162,1.515170,-0.014786,0.018380
16:42:53.824,-0.000013,4.000000,0.700694,-0.555546,0.001989,0.014046,0.060622,0.049453,0.145148,1.523191,-0.014618,0.016035
16:42:54.074,-0.000013,4.000000,0.706014,-0.559751,0.001739,0.013095,0.060736,0.047930,0.146262,1.534740,-0.013770,0.014834
16:42:54.324,-0.000013,4.000000,0.702347,-0.557356,0.000784,0.013189,0.060886,0.049543,0.144992,1.527390,-0.015040,0.013973
16:42:54.574,-0.000012,4.000000,0.699259,-0.554723,0.003345,0.012914,0.060678,0.052544,0.144536,1.520454,-0.011603,0.016260
16:42:54.824,-0.000011,4.000000,0.703370,-0.556602,0.002675,0.013102,0.060885,0.052313,0.146768,1.527717,-0.012644,0.015777
16:42:55.074,-0.000011,4.000000,0.707242,-0.560190,0.001797,0.014059,0.060741,0.054252,0.147052,1.536761,-0.014868,0.015856
16:42:55.324,-0.000011,4.000000,0.703998,-0.558107,0.004644,0.013850,0.060504,0.057277,0.145891,1.530303,-0.011161,0.018494
16:42:55.574,-0.000011,4.000000,0.699207,-0.554220,0.002484,0.014233,0.060319,0.054009,0.144986,1.519780,-0.014246,0.016717
16:42:55.824,-0.000011,4.000000,0.693485,-0.549691,0.000056,0.013491,0.060804,0.051299,0.143793,1.507351,-0.016290,0.013547
16:42:56.074,-0.000011,4.000000,0.696565,-0.551405,0.004767,0.012685,0.060631,0.056320,0.145160,1.513164,-0.009601,0.017451
16:42:56.324,-0.000011,4.000000,0.697158,-0.551746,0.004785,0.013061,0.060440,0.057299,0.145412,1.514297,-0.010034,0.017846
16:42:56.574,-0.000011,4.000000,0.692940,-0.548529,0.002423,0.012705,0.060125,0.059695,0.144411,1.505281,-0.012467,0.015128
16:42:56.824,-0.000011,4.000000,0.691964,-0.548425,0.005600,0.012338,0.060412,0.057665,0.143540,1.503972,-0.008171,0.017938
16:42:57.074,-0.000011,4.000000,0.699181,-0.553099,0.003826,0.013127,0.061170,0.052040,0.146082,1.518389,-0.011278,0.016953
16:42:57.324,-0.000011,4.000000,0.707077,-0.559032,-0.000345,0.014081,0.061283,0.060045,0.148044,1.535158,-0.017491,0.013737
16:42:57.574,-0.000011,4.000000,0.713928,-0.565384,0.001885,0.015017,0.061923,0.056410,0.148544,1.551166,-0.015923,0.016902
16:42:57.824,-0.000011,4.000000,0.716523,-0.567978,-0.000059,0.015084,0.061584,0.061961,0.148545,1.557457,-0.018361,0.015025
16:42:58.074,-0.000011,4.000000,0.714951,-0.567122,-0.000512,0.014912,0.061741,0.061561,0.147829,1.554514,-0.018702,0.014399
16:42:58.324,-0.000011,4.000000,0.713670,-0.565540,0.003749,0.015261,0.061784,0.054655,0.148130,1.551041,-0.013959,0.019010
16:42:58.574,-0.000011,4.000000,0.715503,-0.566770,0.003792,0.015835,0.061821,0.066469,0.148733,1.554755,-0.014602,0.019627
16:42:58.824,-0.000011,4.000000,0.716436,-0.567786,0.006526,0.015564,0.062446,0.070782,0.148650,1.557119,-0.010959,0.022090
16:42:59.074,-0.000011,4.000000,0.716584,-0.567325,0.004482,0.015024,0.062192,0.065374,0.149258,1.556740,-0.012783,0.019506
16:42:59.324,-0.000011,4.000000,0.716837,-0.566896,0.002147,0.015461,0.062031,0.066573,0.149941,1.556526,-0.016144,0.017608
16:42:59.574,-0.000010,4.000000,0.719330,-0.569180,0.001186,0.016374,0.061950,0.053962,0.150150,1.562319,-0.018415,0.017560
16:42:59.824,-0.000009,4.000000,0.711446,-0.563672,0.003886,0.017011,0.060644,0.064809,0.147774,1.546080,-0.015914,0.020897
16:43:00.074,-0.000009,4.000000,0.702274,-0.557223,0.001957,0.016220,0.060386,0.055010,0.145051,1.527141,-0.017295,0.018177
16:43:00.324,-0.000009,4.000000,0.699012,-0.554488,0.003790,0.015270,0.059879,0.063266,0.144524,1.519870,-0.013920,0.019060
16:43:00.574,-0.000009,4.000000,0.699233,-0.555009,0.002913,0.015133,0.060592,0.052517,0.144224,1.520769,-0.014817,0.018046
16:43:00.824,-0.000009,4.000000,0.696896,-0.552906,-0.001328,0.015096,0.059973,0.056932,0.143990,1.515385,-0.019915,0.013768
16:43:01.075,-0.000009,4.000000,0.687612,-0.545387,0.003307,0.014943,0.059265,0.059643,0.142225,1.495012,-0.014109,0.018250
16:43:01.325,-0.000008,4.000000,0.684458,-0.543538,0.004522,0.014827,0.059702,0.052209,0.140921,1.488945,-0.012495,0.019349
16:43:01.575,-0.000008,4.000000,0.686695,-0.545401,-0.002023,0.014389,0.059765,0.051096,0.141295,1.493916,-0.019900,0.012366
16:43:01.825,-0.000007,4.000000,0.690358,-0.548145,0.000846,0.014416,0.059939,0.059523,0.142213,1.501685,-0.016454,0.015262
16:43:02.075,-0.000007,4.000000,0.690174,-0.548223,0.005919,0.014889,0.060506,0.067100,0.141952,1.501557,-0.010876,0.020807
16:43:02.325,-0.000008,4.000000,0.690057,-0.548030,0.002099,0.013155,0.060352,0.064707,0.142027,1.501180,-0.013406,0.015254
16:43:02.597,-0.000008,4.000000,0.695355,-0.551168,0.006839,0.012422,0.060095,0.060800,0.144187,1.511409,-0.006770,0.019261
16:43:02.825,-0.000008,4.000000,0.697941,-0.552555,0.005745,0.013475,0.060763,0.063533,0.145386,1.516227,-0.009373,0.019220
16:43:03.075,-0.000007,4.000000,0.703429,-0.557544,0.001773,0.014136,0.061068,0.070288,0.145885,1.528930,-0.014990,0.015908
16:43:03.325,0.056166,4.000000,0.703964,-0.558252,0.005351,0.013708,0.061083,0.059469,0.145712,1.530437,-0.010133,0.019059
16:43:03.575,0.135918,4.000000,0.696923,-0.553175,0.004400,0.014579,0.060233,0.064168,0.143748,1.515744,-0.012343,0.018979
16:43:03.825,0.199026,4.000000,0.694582,-0.551519,0.001771,0.014395,0.060721,0.057323,0.143063,1.510898,-0.015307,0.016166
16:43:04.075,0.199628,4.000000,0.701089,-0.555412,0.004841,0.013866,0.061088,0.061614,0.145678,1.523507,-0.010942,0.018707
16:43:04.325,0.200229,4.000000,0.704531,-0.557503,0.003630,0.014370,0.060824,0.059601,0.147028,1.530217,-0.013022,0.017999
16:43:04.575,0.200486,4.000000,0.702282,-0.557301,0.004634,0.014807,0.060555,0.066341,0.144982,1.527245,-0.012334,0.019441
16:43:04.825,0.200606,4.000000,0.727686,-0.576094,0.008329,0.015664,0.062597,0.081844,0.151592,1.580834,-0.008894,0.023993
16:43:05.075,0.200718,4.000000,0.706003,-0.554331,0.000024,0.015536,0.063437,0.039573,0.151672,1.528155,-0.018808,0.015559
16:43:05.325,0.200798,4.000000,0.708722,-0.555161,0.008233,0.015430,0.062890,0.051837,0.153561,1.532459,-0.008727,0.023663
16:43:05.575,0.200878,4.000000,0.750025,-0.588235,0.006188,0.015852,0.065534,0.059370,0.161790,1.622640,-0.011717,0.022040
16:43:05.825,0.200900,4.000000,0.747218,-0.584987,0.003551,0.015982,0.065002,0.052414,0.162230,1.615299,-0.015073,0.019533
16:43:06.075,0.200900,4.000000,0.726718,-0.567681,0.008108,0.014874,0.063007,0.056900,0.159037,1.569458,-0.008203,0.022982
16:43:06.325,0.200900,4.000000,0.730592,-0.570369,0.004913,0.015337,0.063991,0.056543,0.160224,1.577415,-0.012639,0.020250
16:43:06.575,0.200900,4.000000,0.747103,-0.583197,0.004333,0.016446,0.064857,0.056692,0.163906,1.612990,-0.014686,0.020778
16:43:06.825,0.200900,4.000000,0.744366,-0.581267,0.007539,0.016111,0.064981,0.049744,0.163099,1.607330,-0.010394,0.023650
16:43:07.075,0.200900,4.000000,0.734260,-0.573572,0.007059,0.015830,0.063762,0.057515,0.160688,1.585746,-0.010636,0.022889
16:43:07.325,0.200900,4.000000,0.737561,-0.576496,0.005095,0.016197,0.064339,0.054975,0.161065,1.593295,-0.013460,0.021292
16:43:07.575,0.200900,4.000000,0.742416,-0.580126,0.005607,0.016341,0.064600,0.053571,0.162289,1.603582,-0.013015,0.021948
16:43:07.825,0.200900,4.000000,0.736286,-0.575873,0.002837,0.016869,0.063511,0.055362,0.160413,1.590993,-0.017013,0.019706
16:43:08.075,0.200900,4.000000,0.733275,-0.573512,0.002769,0.016912,0.063307,0.048770,0.159763,1.584480,-0.017148,0.019681
16:43:08.325,0.200900,4.000000,0.736284,-0.575640,0.007255,0.015471,0.063549,0.063346,0.160644,1.590707,-0.009962,0.022727
16:43:08.575,0.200900,4.000000,0.731572,-0.571941,0.006367,0.014628,0.063329,0.061180,0.159632,1.580509,-0.010016,0.020996
16:43:08.825,0.200890,4.000000,0.728281,-0.569017,0.006906,0.015675,0.063420,0.059308,0.159264,1.572974,-0.010633,0.022581
16:43:09.075,0.200850,4.000000,0.735266,-0.574469,0.004344,0.016881,0.063919,0.051069,0.160797,1.588054,-0.015201,0.021224
16:43:09.325,0.200809,4.000000,0.745100,-0.582726,0.004176,0.016957,0.064746,0.060961,0.162374,1.609988,-0.015497,0.021133
16:43:09.575,0.200800,4.000000,0.754311,-0.589464,0.006685,0.016333,0.065369,0.054389,0.164847,1.629327,-0.011698,0.023018
16:43:09.825,0.200800,4.000000,0.747970,-0.584287,0.006640,0.015598,0.064616,0.060578,0.163683,1.615362,-0.010862,0.022238
16:43:10.075,0.200800,4.000000,0.742824,-0.580474,0.004063,0.014851,0.064554,0.060126,0.162350,1.604500,-0.013081,0.018913
16:43:10.325,0.200800,4.000000,0.745217,-0.581219,0.010150,0.015631,0.064334,0.067510,0.163999,1.608304,-0.006645,0.025781
16:43:10.575,0.200800,4.000000,0.743163,-0.579021,0.007882,0.016238,0.064585,0.054614,0.164142,1.603149,-0.010131,0.024120
16:43:10.825,0.200800,4.000000,0.735450,-0.573974,0.005238,0.015685,0.063652,0.061102,0.161476,1.587676,-0.012667,0.020923
16:43:11.075,0.200800,4.000000,0.733009,-0.573508,0.004933,0.015569,0.063369,0.057927,0.159500,1.584152,-0.012896,0.020502
16:43:11.324,0.200789,4.000000,0.738548,-0.577848,0.005765,0.016589,0.064417,0.052949,0.160700,1.596130,-0.013125,0.022355
16:43:11.574,0.200749,4.000000,0.737547,-0.576291,0.005506,0.016420,0.064956,0.052104,0.161256,1.593028,-0.013233,0.021925
16:43:11.824,0.200709,4.000000,0.737023,-0.575233,0.002245,0.015871,0.064196,0.051510,0.161789,1.591110,-0.016521,0.018116
16:43:12.074,0.200700,4.000000,0.735646,-0.574920,0.005675,0.016184,0.063878,0.054753,0.160726,1.589061,-0.012742,0.021859
16:43:12.324,0.200700,4.000000,0.736411,-0.576606,0.006987,0.016058,0.064060,0.054083,0.159804,1.592033,-0.010999,0.023045
16:43:12.574,0.200700,4.000000,0.739332,-0.579140,0.001900,0.015027,0.064262,0.049527,0.160192,1.598647,-0.015917,0.016928
16:43:12.824,0.200700,4.000000,0.731301,-0.573503,0.005413,0.014159,0.064245,0.049614,0.157799,1.582075,-0.010605,0.019572
16:43:13.074,0.200700,4.000000,0.728130,-0.570585,0.004545,0.013915,0.063208,0.054962,0.157545,1.574692,-0.011362,0.018460
16:43:13.324,0.200668,4.000000,0.730116,-0.571494,0.005229,0.014237,0.063497,0.044346,0.158623,1.578202,-0.010922,0.019466
16:43:13.574,0.200628,4.000000,0.733915,-0.575266,0.003080,0.014373,0.063930,0.046790,0.158649,1.587382,-0.013693,0.017454
16:43:13.824,0.200600,4.000000,0.734241,-0.576475,0.001058,0.014190,0.064098,0.055694,0.157766,1.589244,-0.015922,0.015248
16:43:14.074,0.200600,4.000000,0.731726,-0.573992,0.005112,0.014015,0.064540,0.049952,0.157734,1.583182,-0.010794,0.019127
16:43:14.324,0.200600,4.000000,0.725687,-0.567601,0.005496,0.013620,0.063569,0.054015,0.158086,1.568112,-0.009851,0.019116
16:43:14.574,0.200600,4.000000,0.723143,-0.565820,0.002871,0.013551,0.063475,0.045763,0.157323,1.562868,-0.012948,0.016422
16:43:14.824,0.200600,4.000000,0.719209,-0.562929,0.006973,0.014376,0.062824,0.059060,0.156280,1.554591,-0.008976,0.021348
16:43:15.074,0.200600,4.000000,0.720939,-0.564309,0.007975,0.015879,0.062968,0.057358,0.156630,1.558362,-0.009583,0.023854
16:43:15.324,0.200600,4.000000,0.724665,-0.567391,0.003386,0.015725,0.063857,0.041117,0.157275,1.566618,-0.014961,0.019111
16:43:15.574,0.200600,4.000000,0.727194,-0.568983,0.005241,0.016347,0.063580,0.050185,0.158212,1.571615,-0.013467,0.021588
16:43:15.824,0.200567,4.000000,0.725288,-0.568067,0.003880,0.017774,0.063263,0.053676,0.157221,1.568192,-0.016847,0.021654
16:43:16.074,0.200527,4.000000,0.726341,-0.569078,0.003817,0.016671,0.063534,0.052531,0.157262,1.570696,-0.015586,0.020488
16:43:16.324,0.207915,4.000000,0.730027,-0.571194,0.006653,0.016352,0.064006,0.053008,0.158833,1.577730,-0.011760,0.023006
16:43:16.574,0.230409,4.000000,0.726189,-0.568519,0.005267,0.014988,0.063851,0.051891,0.157670,1.569834,-0.011788,0.020255
16:43:16.824,0.252903,4.000000,0.728689,-0.570182,0.001897,0.013598,0.063689,0.049264,0.158507,1.574881,-0.014187,0.015495
16:43:17.074,0.304010,4.000000,0.732542,-0.572808,0.005917,0.014358,0.063918,0.053594,0.159735,1.582737,-0.010235,0.020276
16:43:17.324,0.360746,4.000000,0.728688,-0.570103,0.005238,0.014545,0.063562,0.051311,0.158585,1.574785,-0.011285,0.019783
16:43:17.574,0.398347,4.000000,0.725584,-0.567445,0.003739,0.014765,0.063345,0.044148,0.158139,1.567798,-0.013370,0.018504
16:43:17.824,0.399068,4.000000,0.723427,-0.566184,0.005351,0.014655,0.063734,0.049308,0.157243,1.563654,-0.011281,0.020005
16:43:18.074,0.399790,4.000000,0.730797,-0.571847,0.005512,0.014980,0.063841,0.053116,0.158950,1.579456,-0.011481,0.020492
16:43:18.325,0.400036,4.000000,0.766123,-0.598351,0.008220,0.016374,0.064560,0.070230,0.167772,1.654425,-0.009886,0.024594
16:43:18.575,0.400196,4.000000,0.738698,-0.574872,0.003435,0.014120,0.066969,0.043925,0.163825,1.592703,-0.012956,0.017555
16:43:18.825,0.400314,4.000000,0.741658,-0.575142,0.013260,0.013867,0.068156,0.052818,0.166516,1.596621,-0.000737,0.027127
16:43:19.075,0.400354,4.000000,0.787074,-0.610054,0.007947,0.016455,0.069588,0.048142,0.177020,1.694017,-0.010316,0.024401
16:43:19.325,0.400394,4.000000,0.790050,-0.611062,0.005367,0.016102,0.069177,0.050228,0.178989,1.698848,-0.013016,0.021470
16:43:19.575,0.400434,4.000000,0.774383,-0.598227,0.008920,0.015422,0.067809,0.053315,0.176156,1.664290,-0.007884,0.024342
16:43:19.825,0.400475,4.000000,0.772557,-0.596932,0.008404,0.016001,0.068311,0.046577,0.175625,1.660505,-0.009212,0.024406
16:43:20.075,0.400500,4.000000,0.784913,-0.605916,0.007878,0.017593,0.068562,0.050874,0.178997,1.686380,-0.011780,0.025471
16:43:20.325,0.400500,4.000000,0.791933,-0.610927,0.009429,0.019040,0.069021,0.043420,0.181007,1.700968,-0.011654,0.028468
16:43:20.575,0.400500,4.000000,0.783762,-0.604776,0.009179,0.018975,0.068554,0.057737,0.178985,1.683603,-0.011878,0.028154
16:43:20.825,0.400535,4.000000,0.778830,-0.601533,0.005310,0.018668,0.068096,0.042170,0.177297,1.673690,-0.016197,0.023978
16:43:21.075,0.400575,4.000000,0.779747,-0.602264,0.007161,0.017427,0.068161,0.047199,0.177483,1.675689,-0.012449,0.024588
16:43:21.325,0.400600,4.000000,0.781673,-0.603960,0.008411,0.016705,0.068436,0.049142,0.177713,1.680081,-0.010057,0.025115
16:43:21.575,0.400600,4.000000,0.781854,-0.604441,0.010721,0.017307,0.068307,0.051499,0.177413,1.680882,-0.007985,0.028028
16:43:21.825,0.400600,4.000000,0.782247,-0.605173,0.006016,0.017785,0.068763,0.051107,0.177074,1.682247,-0.014270,0.023802
16:43:22.075,0.400565,4.000000,0.791093,-0.611671,0.003876,0.018539,0.069552,0.047729,0.179423,1.700851,-0.017779,0.022415
16:43:22.325,0.400524,4.000000,0.794194,-0.613254,0.008534,0.018296,0.068935,0.055565,0.180940,1.706531,-0.011837,0.026831
16:43:22.575,0.400500,4.000000,0.794389,-0.613797,0.002272,0.017519,0.068802,0.040076,0.180592,1.707425,-0.018488,0.019791
16:43:22.825,0.400500,4.000000,0.791910,-0.612758,0.005531,0.016601,0.068328,0.055698,0.179152,1.703160,-0.013422,0.022132
16:43:23.075,0.400500,4.000000,0.786583,-0.608698,0.010465,0.014899,0.068112,0.054221,0.177884,1.691778,-0.005376,0.025364
16:43:23.325,0.400500,4.000000,0.782212,-0.605744,0.005426,0.013911,0.067882,0.046387,0.176468,1.682898,-0.010288,0.019337
16:43:23.575,0.400500,4.000000,0.774182,-0.600085,0.004932,0.014260,0.068080,0.044422,0.174097,1.666298,-0.011310,0.019191
16:43:23.825,0.400500,4.000000,0.766620,-0.594114,0.004698,0.015184,0.066394,0.046973,0.172506,1.649890,-0.012715,0.019882
16:43:24.075,0.400500,4.000000,0.762426,-0.590993,0.004258,0.014602,0.066832,0.042505,0.171432,1.641021,-0.012542,0.018860
16:43:24.325,0.400500,4.000000,0.762501,-0.591095,0.007576,0.013672,0.067112,0.043686,0.171406,1.641236,-0.007391,0.021249
16:43:24.575,0.400500,4.000000,0.766205,-0.593366,0.008684,0.013985,0.067138,0.046243,0.172839,1.648480,-0.006428,0.022669
16:43:24.825,0.400500,4.000000,0.767057,-0.594133,0.004990,0.014236,0.067320,0.046218,0.172923,1.650443,-0.011210,0.019226
16:43:25.075,0.400500,4.000000,0.767512,-0.595318,0.007431,0.014813,0.067468,0.041057,0.172194,1.652431,-0.008951,0.022245
16:43:25.325,0.400500,4.000000,0.767878,-0.594742,0.006520,0.015874,0.067582,0.043402,0.173136,1.652176,-0.011342,0.022394
16:43:25.575,0.400500,4.000000,0.772204,-0.597709,0.004501,0.016186,0.067279,0.040744,0.174495,1.661019,-0.014168,0.020686
16:43:25.825,0.400500,4.000000,0.765544,-0.592751,0.010593,0.015144,0.067420,0.045351,0.172793,1.646933,-0.005518,0.025737
16:43:26.075,0.400500,4.000000,0.759377,-0.587616,0.008693,0.014018,0.067045,0.043100,0.171761,1.633229,-0.006456,0.022711
16:43:26.325,0.400500,4.000000,0.760473,-0.588137,0.007652,0.015097,0.066766,0.052041,0.172337,1.635189,-0.009028,0.022749
16:43:26.575,0.400500,4.000000,0.766905,-0.592910,0.009479,0.016039,0.067447,0.050786,0.173995,1.648775,-0.007954,0.025519
16:43:26.825,0.400500,4.000000,0.768709,-0.594665,0.007833,0.015552,0.067660,0.047141,0.174044,1.653092,-0.009360,0.023385
16:43:27.075,0.400500,4.000000,0.774798,-0.599355,0.005253,0.014570,0.067973,0.048176,0.175443,1.666161,-0.011297,0.019823
16:43:27.325,0.400500,4.000000,0.782001,-0.604345,0.007705,0.014368,0.068335,0.045554,0.177657,1.680944,-0.008080,0.022073
16:43:27.575,0.400482,4.000000,0.780722,-0.603162,0.009269,0.014659,0.068275,0.044264,0.177559,1.677960,-0.006535,0.023927
16:43:27.825,0.400442,4.000000,0.780656,-0.603078,0.006751,0.014620,0.067690,0.049434,0.177578,1.677778,-0.009542,0.021371
16:43:28.075,0.400402,4.000000,0.780139,-0.603140,0.009461,0.016289,0.068275,0.048299,0.176999,1.677225,-0.008279,0.025750
16:43:28.325,0.400400,4.000000,0.779418,-0.601799,0.009626,0.017277,0.068490,0.050947,0.177619,1.674726,-0.009277,0.026903
16:43:28.575,0.400400,4.000000,0.778924,-0.600461,0.003495,0.017021,0.067600,0.047134,0.178463,1.672505,-0.016400,0.020516
16:43:28.824,0.400400,4.000000,0.776943,-0.598882,0.006788,0.017219,0.068185,0.044907,0.178060,1.668188,-0.012647,0.024007
16:43:29.074,0.400400,4.000000,0.785692,-0.606198,0.008527,0.016907,0.069112,0.039115,0.179494,1.687666,-0.010161,0.025433
16:43:29.324,0.400400,4.000000,0.794457,-0.613267,0.005433,0.017240,0.069061,0.046561,0.181190,1.706864,-0.014316,0.022672
16:43:29.600,0.400400,4.000000,0.796171,-0.615203,0.007059,0.016948,0.069264,0.051092,0.180968,1.711291,-0.011990,0.024007
16:43:29.824,0.400400,4.000000,0.801823,-0.619062,0.010980,0.015875,0.070306,0.046110,0.182761,1.722824,-0.005935,0.026856
16:43:30.074,0.436813,4.000000,0.803539,-0.620201,0.010966,0.016438,0.070277,0.058958,0.183338,1.726284,-0.006634,0.027404
16:43:30.324,0.515801,4.000000,0.808165,-0.623047,0.005263,0.017104,0.070205,0.049301,0.185118,1.735345,-0.014357,0.022367
16:43:30.574,0.594790,4.000000,0.810741,-0.625007,0.007511,0.017024,0.071388,0.042770,0.185734,1.740844,-0.011534,0.024535
16:43:30.824,0.598330,4.000000,0.815365,-0.628409,0.008391,0.017008,0.070851,0.052262,0.186956,1.750576,-0.010447,0.025399
16:43:31.074,0.599293,4.000000,0.812650,-0.626394,0.007417,0.017758,0.069772,0.053460,0.186256,1.744840,-0.012538,0.025175
16:43:31.324,0.599838,4.000000,0.808442,-0.623120,0.007830,0.016693,0.070377,0.046047,0.185322,1.735770,-0.010746,0.024524
16:43:31.574,0.599918,4.000000,0.797849,-0.615090,0.005266,0.015567,0.070391,0.041917,0.182760,1.713188,-0.012489,0.020833
16:43:31.824,0.599998,4.000000,0.812858,-0.627442,0.007619,0.015561,0.069600,0.056971,0.185416,1.746365,-0.009630,0.023181
16:43:32.074,0.600078,4.000000,0.814759,-0.626741,0.001241,0.015540,0.071544,0.021857,0.188018,1.747818,-0.017337,0.016781
16:43:32.324,0.600159,4.000000,0.841307,-0.645888,0.008192,0.015958,0.074597,0.023423,0.195418,1.803224,-0.009416,0.024149
16:43:32.574,0.600219,4.000000,0.862426,-0.662415,0.006210,0.016377,0.073627,0.027863,0.200011,1.848870,-0.012328,0.022587
16:43:32.824,0.600260,4.000000,0.838693,-0.643959,0.008832,0.016536,0.074031,0.042606,0.194733,1.797716,-0.009340,0.025368
16:43:33.074,0.600300,4.000000,0.832297,-0.637540,0.013433,0.018517,0.073891,0.042807,0.194757,1.782177,-0.006164,0.031949
16:43:33.324,0.600300,4.000000,0.851234,-0.650780,0.010928,0.018856,0.074249,0.037154,0.200454,1.821192,-0.009612,0.029783
16:43:33.574,0.600300,4.000000,0.853953,-0.652286,0.011792,0.018575,0.074551,0.036767,0.201667,1.826315,-0.008224,0.030367
16:43:33.824,0.600300,4.000000,0.840996,-0.643235,0.009184,0.018052,0.073942,0.035184,0.197761,1.799630,-0.010753,0.027235
16:43:34.074,0.600300,4.000000,0.834445,-0.638671,0.012095,0.017897,0.073721,0.037598,0.195774,1.786153,-0.007035,0.029992
16:43:34.324,0.600300,4.000000,0.841584,-0.643154,0.013388,0.016391,0.074215,0.031317,0.198429,1.800245,-0.003641,0.029779
16:43:34.574,0.600340,4.000000,0.841486,-0.642549,0.011466,0.015718,0.073791,0.035463,0.198937,1.799393,-0.005156,0.027184
16:43:34.824,0.600380,4.000000,0.837875,-0.640505,0.008922,0.015782,0.073297,0.032642,0.197370,1.792536,-0.008319,0.024704
16:43:35.074,0.600400,4.000000,0.840471,-0.644099,0.008523,0.016130,0.073666,0.029184,0.196372,1.800041,-0.009223,0.024652
16:43:35.324,0.600400,4.000000,0.846193,-0.648814,0.008079,0.016458,0.074250,0.029109,0.197379,1.812697,-0.010159,0.024537
16:43:35.574,0.600400,4.000000,0.849031,-0.649467,0.009477,0.016573,0.074253,0.031542,0.199564,1.816929,-0.008604,0.026050
16:43:35.831,0.600400,4.000000,0.844409,-0.645579,0.012314,0.016051,0.074495,0.027478,0.198830,1.806611,-0.004531,0.028365
16:43:36.112,0.600400,4.000000,0.846093,-0.647405,0.009949,0.015864,0.073801,0.040507,0.198688,1.810867,-0.007172,0.025814
16:43:36.325,0.600400,4.000000,0.848486,-0.649299,0.010742,0.015994,0.074499,0.035947,0.199187,1.816064,-0.006368,0.026737
16:43:36.575,0.600400,4.000000,0.845521,-0.646599,0.010759,0.015720,0.074122,0.026094,0.198921,1.809195,-0.006016,0.026479
16:43:36.825,0.600400,4.000000,0.838463,-0.641162,0.008831,0.015130,0.073053,0.028329,0.197301,1.794046,-0.007637,0.023961
16:43:37.102,0.600400,4.000000,0.839207,-0.642779,0.008069,0.015621,0.073253,0.030565,0.196429,1.796908,-0.009157,0.023689
16:43:37.379,0.600400,4.000000,0.849394,-0.651501,0.005745,0.018094,0.074343,0.021375,0.197893,1.819836,-0.014973,0.023840
16:43:37.575,0.600400,4.000000,0.845328,-0.648170,0.011039,0.019054,0.074393,0.032862,0.197158,1.810865,-0.009718,0.030094
