Time,Pitch_position,Yaw_position,Normal1,Normal2,Side1,Side2,Axial,Roll,Normal,Side,Pitch,Yaw
hh:mm:ss.ms,degree,degree,lb,lb,lb,lb,lb,in-lb,lb,lb,in-lb,in-lb
17:13:48.773,0.000200,3.999900,-2.443751,1.766248,0.391408,-14.511690,0.000640,4.379503,-0.677504,-5.104624,18.070007,-14.120282
17:13:48.965,0.000200,3.999900,-2.442488,1.766534,0.391423,-14.511475,0.000604,4.379434,-0.675954,-5.103440,18.069764,-14.120051
17:13:49.215,0.000200,3.999900,-2.442058,1.765440,0.391485,-14.511531,0.000485,4.379017,-0.676619,-5.101592,18.069907,-14.120046
17:13:49.465,0.000200,3.999900,-2.441726,1.767002,0.391504,-14.511269,0.000832,4.378757,-0.674724,-5.103083,18.069612,-14.119764
17:13:49.715,0.000200,3.999900,-2.442470,1.766874,0.390993,-14.511482,0.000967,4.379142,-0.675596,-5.103830,18.069250,-14.120489
17:13:49.965,0.000200,3.999900,-2.443029,1.766958,0.391519,-14.510727,0.000824,4.379027,-0.676071,-5.104609,18.068974,-14.119207
17:13:50.215,0.000200,3.999900,-2.442124,1.765329,0.390956,-14.511467,0.000757,4.379469,-0.676795,-5.101536,18.069188,-14.120511
17:13:50.465,0.000200,3.999900,-2.441274,1.766105,0.391145,-14.510342,0.001056,4.378874,-0.675169,-5.101448,18.068053,-14.119198
17:13:50.715,0.000200,3.999900,-2.443245,1.767190,0.391305,-14.511035,0.000779,4.379180,-0.676055,-5.105152,18.069088,-14.119730
17:13:51.008,0.000200,3.999900,-2.443988,1.766996,0.391372,-14.511041,0.000653,4.378844,-0.676992,-5.105819,18.069175,-14.119669
17:13:51.216,0.000200,3.999900,-2.441692,1.766038,0.391425,-14.510843,0.001245,4.378923,-0.675654,-5.101872,18.069000,-14.119419
17:13:51.466,0.000200,3.999900,-2.442681,1.766995,0.391196,-14.511184,0.001249,4.379188,-0.675686,-5.104231,18.069136,-14.119989
17:13:51.716,0.000200,3.999900,-2.442687,1.766948,0.391200,-14.510399,0.001133,4.379595,-0.675739,-5.104183,18.068189,-14.119198
17:13:51.993,0.000200,3.999900,-2.442461,1.766718,0.391042,-14.510801,0.001086,4.379125,-0.675743,-5.103629,18.068485,-14.119758
17:13:52.273,0.000200,3.999900,-2.443269,1.767723,0.391129,-14.510340,0.001041,4.379215,-0.675546,-5.105828,18.068031,-14.119211
17:13:52.466,0.000200,3.999900,-2.442497,1.766509,0.391326,-14.511307,0.001019,4.379923,-0.675988,-5.103419,18.069443,-14.119982
17:13:52.716,0.000200,3.999900,-2.442065,1.767024,0.390885,-14.510294,0.001114,4.379296,-0.675040,-5.103520,18.067679,-14.119408
17:13:52.966,0.000200,3.999900,-2.443481,1.767186,0.390922,-14.510870,0.000920,4.379362,-0.676295,-5.105435,18.068423,-14.119947
17:13:53.216,0.000200,3.999900,-2.442943,1.767537,0.391182,-14.510419,0.000778,4.379719,-0.675406,-5.105208,18.068191,-14.119237
17:13:53.495,0.000200,3.999900,-2.442102,1.765930,0.390894,-14.510522,0.000748,4.379218,-0.676172,-5.102239,18.067967,-14.119628
17:13:53.774,0.000200,3.999900,-2.444246,1.767184,0.391146,-14.509170,0.000868,4.378777,-0.677063,-5.106359,18.066632,-14.118024
17:13:53.966,0.000200,3.999900,-2.442802,1.765912,0.390773,-14.511414,0.000914,4.379400,-0.676890,-5.103066,18.068901,-14.120641
17:13:54.216,0.000200,3.999900,-2.441601,1.765895,0.391134,-14.510831,0.000578,4.379475,-0.675706,-5.101589,18.068633,-14.119697
17:13:54.466,0.000200,3.999900,-2.444175,1.767619,0.391136,-14.510952,0.000582,4.379212,-0.676555,-5.106800,18.068781,-14.119816
17:13:54.740,0.000200,3.999900,-2.443095,1.767950,0.391439,-14.510141,0.000682,4.378810,-0.675145,-5.105893,18.068166,-14.118703
17:13:55.022,0.000200,3.999900,-2.441838,1.766381,0.391181,-14.509693,0.000775,4.379343,-0.675457,-5.102465,18.067309,-14.118512
17:13:55.216,0.000200,3.999900,-2.441996,1.765350,0.391381,-14.510568,0.000549,4.379313,-0.676646,-5.101407,18.068614,-14.119187
17:13:55.466,0.000200,3.999900,-2.443620,1.766713,0.391257,-14.511016,0.000978,4.378807,-0.676907,-5.105030,18.069006,-14.119759
17:13:55.716,0.000200,3.999900,-2.444015,1.767434,0.390899,-14.509520,0.000818,4.378086,-0.676581,-5.106381,18.066758,-14.118622
17:13:55.993,0.000200,3.999900,-2.442830,1.766912,0.391157,-14.508337,0.000688,4.377724,-0.675918,-5.104312,18.065636,-14.117180
17:13:56.270,0.000200,3.999900,-2.442183,1.766647,0.391346,-14.508400,0.000782,4.378109,-0.675537,-5.103207,18.065942,-14.117054
17:13:56.465,0.000200,3.999900,-2.441553,1.764803,0.391044,-14.509332,0.000448,4.378357,-0.676750,-5.100208,18.066706,-14.118288
17:13:56.715,0.000200,3.999900,-2.442671,1.765754,0.391126,-14.510820,0.000711,4.378048,-0.676917,-5.102715,18.068610,-14.119695
17:13:56.965,0.000200,3.999900,-2.444126,1.766769,0.391262,-14.511780,0.000433,4.377400,-0.677357,-5.105711,18.069938,-14.120518
17:13:57.248,0.000200,3.999900,-2.443367,1.766537,0.391267,-14.512493,0.000422,4.378660,-0.676830,-5.104508,18.070809,-14.121225
17:13:57.522,0.000200,3.999900,-2.440669,1.765754,0.391216,-14.509229,0.000677,4.377665,-0.674915,-5.100288,18.066790,-14.118013
17:13:57.715,0.000200,3.999900,-2.442771,1.766426,0.391251,-14.511795,0.000777,4.378292,-0.676346,-5.103651,18.069943,-14.120544
17:13:57.965,0.000200,3.999900,-2.442964,1.767133,0.391311,-14.511994,0.000559,4.378421,-0.675831,-5.104742,18.070257,-14.120684
17:13:58.215,0.000200,3.999900,-2.441608,1.766172,0.391665,-14.512080,0.000783,4.378107,-0.675435,-5.101933,18.070791,-14.120415
17:13:58.501,0.000200,3.999900,-2.442958,1.767662,0.391603,-14.510494,0.000630,4.378123,-0.675296,-5.105377,18.068793,-14.118891
17:13:58.715,0.000200,3.999900,-2.442411,1.766614,0.391465,-14.510065,0.000807,4.378421,-0.675797,-5.103444,18.068105,-14.118600
17:13:58.965,0.000200,3.999900,-2.442170,1.766548,0.391634,-14.510341,0.000634,4.377997,-0.675622,-5.103071,18.068644,-14.118707
17:13:59.215,0.000200,3.999900,-2.443468,1.766866,0.391090,-14.511259,0.000685,4.378312,-0.676602,-5.105030,18.069098,-14.120169
17:13:59.485,0.000200,3.999900,-2.443348,1.766202,0.391179,-14.511372,0.000807,4.378344,-0.677146,-5.104079,18.069343,-14.120192
17:13:59.764,0.000200,3.999900,-2.442138,1.766407,0.391721,-14.510823,0.000540,4.378107,-0.675730,-5.102861,18.069334,-14.119102
17:13:59.965,0.000200,3.999900,-2.443353,1.766381,0.391330,-14.509353,0.000563,4.377736,-0.676972,-5.104303,18.067078,-14.118022
17:14:00.215,0.000200,3.999900,-2.441916,1.765583,0.391492,-14.508632,0.000400,4.378048,-0.676333,-5.101593,18.066400,-14.117140
17:14:00.465,0.000200,3.999900,-2.443242,1.767592,0.391898,-14.508277,0.000508,4.377187,-0.675649,-5.105636,18.066462,-14.116379
17:14:00.743,0.000200,3.999900,-2.443688,1.767792,0.391290,-14.508696,0.000627,4.377805,-0.675896,-5.106419,18.066233,-14.117406
17:14:01.021,0.000200,3.999900,-2.443256,1.767570,0.391503,-14.510161,0.001000,4.377872,-0.675686,-5.105627,18.068267,-14.118658
17:14:01.215,0.000200,3.999900,-2.442477,1.766482,0.391194,-14.510203,0.000691,4.378087,-0.675995,-5.103362,18.067944,-14.119009
17:14:01.465,0.000200,3.999900,-2.443100,1.766556,0.390957,-14.509781,0.000419,4.378014,-0.676544,-5.104209,18.067145,-14.118824
17:14:01.715,0.000200,3.999900,-2.686328,1.956966,0.396106,-14.503859,0.000093,4.365740,-0.729362,-5.629995,18.066207,-14.107752
17:14:01.982,0.000200,3.999900,-5.402567,3.931226,0.449001,-14.407194,-0.017875,4.225828,-1.471341,-11.317223,18.013136,-13.958193
17:14:02.263,0.000200,3.999900,-5.521322,3.977000,0.452020,-14.405561,-0.021183,4.221119,-1.544322,-11.516715,18.014817,-13.953541
17:14:02.465,0.000200,3.999900,-5.595264,3.989215,0.454122,-14.357363,-0.024152,4.206366,-1.606049,-11.621180,17.958925,-13.903241
17:14:02.715,0.000200,3.999900,-5.612818,3.937209,0.456016,-14.275450,-0.026721,4.189457,-1.675609,-11.579408,17.861902,-13.819433
17:14:02.965,0.000200,3.999900,-5.669377,3.935980,0.457488,-14.199585,-0.028659,4.170160,-1.733397,-11.646494,17.771701,-13.742097
17:14:03.231,0.000200,3.999900,-5.750301,3.995028,0.460544,-14.166135,-0.028534,4.157595,-1.755273,-11.816212,17.734848,-13.705592
17:14:03.510,0.000200,3.999900,-5.780343,4.033518,0.459661,-14.171411,-0.027394,4.158462,-1.746825,-11.899307,17.740175,-13.711750
17:14:03.715,0.000200,3.999900,-5.787116,4.111554,0.458803,-14.262569,-0.024234,4.176963,-1.675563,-12.002137,17.849664,-13.803766
17:14:03.965,0.000200,3.999900,-5.717949,4.111143,0.457391,-14.302451,-0.021213,4.188384,-1.606806,-11.917775,17.896309,-13.845060
17:14:04.215,0.000200,3.999900,-5.606019,4.053234,0.454000,-14.340321,-0.018937,4.202208,-1.552785,-11.711844,17.938115,-13.886322
17:14:04.485,0.000200,3.999900,-5.505419,3.988837,0.452178,-14.359817,-0.018137,4.212248,-1.516581,-11.511786,17.959544,-13.907639
17:14:04.761,0.000200,3.999900,-5.460413,3.944570,0.452133,-14.339166,-0.018147,4.208178,-1.515844,-11.403542,17.934450,-13.887032
17:14:04.965,0.000200,3.999900,-5.472239,3.954413,0.451317,-14.359462,-0.018378,4.212806,-1.517826,-11.429815,17.958069,-13.908145
17:14:05.215,0.000200,3.999900,-5.467325,3.930974,0.452354,-14.320657,-0.018626,4.204172,-1.536351,-11.395437,17.912275,-13.868303
17:14:05.465,0.000200,3.999900,-5.526023,3.969760,0.452646,-14.325216,-0.020415,4.201839,-1.556262,-11.513637,17.918157,-13.872571
17:14:05.745,0.000200,3.999900,-5.562833,4.019817,0.453756,-14.346016,-0.019753,4.205745,-1.543017,-11.618963,17.944723,-13.892260
17:14:06.010,0.000200,3.999900,-5.594509,4.041845,0.454683,-14.364212,-0.020717,4.207736,-1.552664,-11.684079,17.967910,-13.909529
17:14:06.215,0.000200,3.999900,-5.605463,4.050143,0.453642,-14.348242,-0.020127,4.203734,-1.555320,-11.707422,17.947284,-13.894600
17:14:06.465,0.000200,3.999900,-5.619898,4.067691,0.454572,-14.332134,-0.019359,4.201029,-1.552208,-11.746202,17.928882,-13.877562
17:14:06.715,0.000200,3.999900,-5.653484,4.079404,0.454968,-14.320748,-0.019898,4.196149,-1.574080,-11.801127,17.915556,-13.865780
17:14:06.994,0.000200,3.999900,-5.648973,4.051426,0.454202,-14.286848,-0.021269,4.189867,-1.597547,-11.761733,17.873523,-13.832646
17:14:07.268,0.000200,3.999900,-5.654687,4.030580,0.454758,-14.318838,-0.023446,4.195185,-1.624108,-11.743386,17.912986,-13.864080
17:14:07.465,0.000200,3.999900,-5.662218,4.019713,0.455043,-14.303230,-0.024861,4.192097,-1.642506,-11.739341,17.894406,-13.848187
17:14:07.715,0.000200,3.999900,-5.660207,4.001871,0.456052,-14.307166,-0.025085,4.194046,-1.658336,-11.715269,17.900401,-13.851114
17:14:07.965,0.000200,3.999900,-5.654770,3.989005,0.455154,-14.293302,-0.026031,4.190607,-1.665765,-11.693078,17.882503,-13.838148
17:14:08.240,0.000200,3.999900,-5.648529,4.007171,0.456079,-14.303349,-0.024830,4.193571,-1.641358,-11.707535,17.895805,-13.847270
17:14:08.520,0.000200,3.999900,-5.620561,3.998407,0.453879,-14.295593,-0.023442,4.191009,-1.622154,-11.662999,17.883735,-13.841715
17:14:08.716,0.000200,3.999900,-5.541305,3.947971,0.453043,-14.308454,-0.022916,4.197555,-1.593334,-11.505747,17.898316,-13.855411
17:14:08.966,0.000200,3.999900,-5.529268,3.988350,0.452989,-14.295343,-0.018454,4.194439,-1.540918,-11.540112,17.882353,-13.842354
17:14:09.216,0.000200,3.999900,-5.533129,4.029923,0.451826,-14.301956,-0.015175,4.195692,-1.503206,-11.595201,17.888960,-13.850129
17:14:09.488,0.000200,3.999900,-5.514947,4.037842,0.451794,-14.310764,-0.014656,4.197418,-1.477105,-11.582756,17.899602,-13.858970
17:14:09.767,0.000200,3.999900,-5.533507,4.060163,0.452491,-14.318150,-0.014279,4.199935,-1.473344,-11.632326,17.909402,-13.865658
17:14:09.966,0.000200,3.999900,-5.569319,4.085794,0.452799,-14.355585,-0.015493,4.206905,-1.483525,-11.706825,17.955165,-13.902787
17:14:10.216,0.000200,3.999900,-5.582395,4.064704,0.452531,-14.359696,-0.018907,4.205316,-1.517691,-11.697108,17.959825,-13.907164
17:14:10.466,0.000200,3.999900,-5.581042,4.017666,0.452373,-14.397391,-0.022493,4.215892,-1.563376,-11.638434,18.005338,-13.945017
17:14:10.743,0.000200,3.999900,-5.560063,3.961324,0.452736,-14.390913,-0.024586,4.216978,-1.598739,-11.544682,17.997925,-13.938177
17:14:11.021,0.000200,3.999900,-5.571032,3.952491,0.452568,-14.394390,-0.027071,4.217746,-1.618540,-11.547272,18.001936,-13.941822
17:14:11.216,0.000200,3.999900,-5.599643,3.986277,0.453496,-14.357642,-0.025222,4.206683,-1.613366,-11.622928,17.958504,-13.904146
17:14:11.466,0.000200,3.999900,-5.599552,3.986401,0.454305,-14.340414,-0.024016,4.203220,-1.613151,-11.622969,17.938596,-13.886109
17:14:11.716,0.000200,3.999900,-5.649563,4.046034,0.455669,-14.295839,-0.020968,4.190658,-1.603529,-11.755912,17.886204,-13.840171
17:14:11.990,0.000200,3.999900,-5.690615,4.119008,0.457288,-14.255927,-0.018198,4.179343,-1.571607,-11.894168,17.839773,-13.798639
17:14:12.216,0.000200,3.999900,-5.782370,4.214493,0.457583,-14.210938,-0.015304,4.164813,-1.567877,-12.121197,17.785581,-13.753355
17:14:12.466,0.000200,3.999900,-5.810514,4.196268,0.458869,-14.215697,-0.019676,4.164686,-1.614246,-12.133223,17.792912,-13.756828
17:14:12.716,0.000200,3.999900,-5.776378,4.098272,0.457433,-14.278098,-0.025878,4.180853,-1.678106,-11.973013,17.866831,-13.820666
17:14:12.988,0.000200,3.999900,-5.626672,3.912728,0.453686,-14.342739,-0.032522,4.202739,-1.713944,-11.566522,17.940665,-13.889053
17:14:13.268,0.000200,3.999900,-5.508338,3.819453,0.452877,-14.339277,-0.032443,4.208515,-1.688885,-11.309946,17.935486,-13.886400
17:14:13.466,0.000200,3.999900,-5.409427,3.778521,0.450242,-14.367980,-0.028073,4.219582,-1.630906,-11.140386,17.967094,-13.917738
17:14:13.716,0.000200,3.999900,-5.297732,3.710380,0.448339,-14.305128,-0.025356,4.208632,-1.587352,-10.922336,17.888579,-13.856789
17:14:13.965,0.000200,3.999900,-5.214876,3.651338,0.447129,-14.236812,-0.023027,4.196684,-1.563538,-10.750285,17.804278,-13.789683
17:14:14.241,0.000200,3.999900,-5.289641,3.752977,0.449405,-14.151597,-0.017758,4.173659,-1.536664,-10.964174,17.703715,-13.702192
17:14:14.517,0.000200,3.999900,-5.488765,4.029830,0.453170,-14.105343,-0.008622,4.153123,-1.458935,-11.541296,17.652196,-13.652173
17:14:14.715,0.000200,3.999900,-5.690058,4.262839,0.457746,-14.119451,-0.004801,4.148923,-1.427219,-12.067887,17.674851,-13.661704
17:14:14.965,0.000200,3.999900,-5.860639,4.408933,0.459009,-14.178420,-0.005923,4.152323,-1.451706,-12.451856,17.747883,-13.719411
17:14:15.215,0.000200,3.999900,-5.917333,4.417929,0.459348,-14.245005,-0.012190,4.164365,-1.499405,-12.531505,17.829028,-13.785656
17:14:15.495,0.000200,3.999900,-5.837842,4.265462,0.457947,-14.357549,-0.022204,4.194840,-1.572379,-12.250256,17.963789,-13.899602
17:14:15.768,0.000200,3.999900,-5.761574,4.155603,0.455487,-14.379642,-0.026542,4.204478,-1.605971,-12.024577,17.987593,-13.924155
17:14:15.965,0.000200,3.999900,-5.678730,4.002872,0.455017,-14.370849,-0.032191,4.206189,-1.675858,-11.738943,17.976362,-13.915832
17:14:16.215,0.000200,3.999900,-5.578012,3.789373,0.453431,-14.320299,-0.040171,4.201673,-1.788639,-11.357955,17.913147,-13.866868
17:14:16.465,0.000200,3.999900,-5.460115,3.616282,0.452898,-14.123771,-0.039964,4.162811,-1.843832,-11.005131,17.674211,-13.670873
17:14:16.731,0.000200,3.999900,-5.396621,3.573742,0.455272,-13.814026,-0.030028,4.095214,-1.822879,-10.876566,17.301523,-13.358753
17:14:17.009,0.000200,3.999900,-5.385378,3.624155,0.458141,-13.563006,-0.018279,4.039880,-1.761224,-10.924059,17.000641,-13.104866
17:14:17.215,0.000200,3.999900,-5.421098,3.713516,0.460894,-13.414179,-0.009003,4.004473,-1.707582,-11.075719,16.823526,-12.953284
17:14:17.465,0.000200,3.999900,-5.711504,4.139862,0.465206,-13.379961,0.005248,3.980668,-1.571642,-11.944781,16.787264,-12.914755
17:14:17.715,0.000200,3.999900,-6.163912,4.721196,0.471756,-13.447682,0.015898,3.973049,-1.442716,-13.198193,16.877318,-12.975926
17:14:17.984,0.000200,3.999900,-6.231399,4.694965,0.472003,-13.607681,0.002065,4.007770,-1.536433,-13.248216,17.071617,-13.135678
17:14:18.263,0.000200,3.999900,-5.819530,4.075266,0.464480,-13.651178,-0.021610,4.038675,-1.744264,-11.997439,17.115235,-13.186699
17:14:18.465,0.000200,3.999900,-5.321426,3.622187,0.450259,-14.094803,-0.033261,4.161191,-1.699238,-10.844131,17.635888,-13.644543
17:14:18.715,0.000200,3.999900,-5.120880,3.547507,0.443942,-14.370780,-0.031049,4.231659,-1.573373,-10.510418,17.962850,-13.926838
17:14:18.965,0.000200,3.999900,-5.332794,3.997764,0.447188,-14.524462,-0.013609,4.255852,-1.335030,-11.313303,18.153126,-14.077274
17:14:19.243,0.000200,3.999900,-5.131684,3.675671,0.443474,-14.492812,-0.022336,4.259815,-1.456013,-10.678918,18.110247,-14.049337
17:14:19.522,0.000200,3.999900,-4.584751,2.770850,0.438519,-14.099170,-0.043377,4.198475,-1.813901,-8.918667,17.626948,-13.660651
17:14:19.715,0.000200,3.999900,-5.311975,3.519856,0.462633,-13.024282,-0.010055,3.922231,-1.792119,-10.708594,16.352884,-12.561649
17:14:19.965,0.000200,3.999900,-6.412650,4.910920,0.506967,-10.467845,0.078409,3.291638,-1.501731,-13.729829,13.306960,-9.960879
17:14:20.215,0.000200,3.999900,-6.809254,5.320821,0.530514,-8.713363,0.121174,2.876479,-1.488433,-14.707715,11.208200,-8.182849
17:14:20.487,0.000200,3.999900,-6.655183,4.905511,0.528383,-8.851552,0.096021,2.918106,-1.749673,-14.017341,11.373171,-8.323169
17:14:20.768,0.000200,3.999900,-5.624458,3.780330,0.477560,-12.075031,0.008288,3.694041,-1.844129,-11.403305,15.220016,-11.597471
17:14:20.965,0.000200,3.999900,-4.939264,3.262458,0.446934,-13.975598,-0.028975,4.151742,-1.676806,-9.944588,17.487319,-13.528664
17:14:21.215,0.000200,3.999900,-5.349206,4.183446,0.444746,-14.583294,-0.002143,4.266217,-1.165761,-11.558341,18.221499,-14.138548
17:14:21.465,0.000200,3.999900,-6.017192,5.252425,0.456320,-14.620877,0.033043,4.240437,-0.764768,-13.664411,18.281101,-14.164557
17:14:21.741,0.000200,3.999900,-4.951188,3.221094,0.443562,-14.322944,-0.041454,4.233472,-1.730094,-9.908893,17.904388,-13.879382
17:14:22.020,0.000200,3.999900,-3.408212,1.450779,0.430715,-12.816448,-0.031445,3.963545,-1.957433,-5.891527,16.062186,-12.385733
17:14:22.215,0.000200,3.999900,-4.901311,3.590578,0.500376,-8.765298,0.126863,2.974609,-1.310733,-10.296416,11.234631,-8.264922
17:14:22.465,0.000200,3.999900,-5.723596,5.017392,0.557738,-4.562606,0.275767,1.983647,-0.706204,-13.023448,6.208417,-4.004868
17:14:22.715,0.000200,3.999900,-5.974766,5.044684,0.563562,-4.465523,0.260516,1.953564,-0.930083,-13.361083,6.097765,-3.901961
17:14:22.981,0.000200,3.999900,-5.465296,4.002053,0.491864,-10.512715,0.074866,3.344104,-1.463243,-11.479162,13.343053,-10.020851
17:14:23.259,0.000200,3.999900,-4.043875,2.341036,0.428510,-13.883056,-0.038868,4.171337,-1.702839,-7.741704,17.352775,-13.454546
17:14:23.465,0.000200,3.999900,-3.694544,2.579957,0.414858,-14.536288,-0.018375,4.331205,-1.114587,-7.607832,18.128265,-14.121430
17:14:23.715,0.000200,3.999900,-3.337689,2.797167,0.409382,-14.539090,0.023352,4.345079,-0.540523,-7.438512,18.125022,-14.129708
17:14:23.965,0.000200,3.999900,-4.330736,3.096758,0.430101,-14.535433,-0.017320,4.303731,-1.233978,-9.005836,18.145709,-14.105332
17:14:24.242,0.000200,3.999900,-4.928191,3.430041,0.453123,-13.309654,0.001599,4.000925,-1.498150,-10.134357,16.687367,-12.856532
17:14:24.520,0.000200,3.999900,-5.149050,3.832070,0.494168,-9.800275,0.101512,3.196102,-1.316979,-10.889608,12.482012,-9.306106
17:14:24.715,0.000200,3.999900,-6.078370,5.118078,0.554404,-5.447469,0.235726,2.169300,-0.960291,-13.575693,7.277272,-4.893065
17:14:24.965,0.000200,3.999900,-5.795699,4.905858,0.549629,-5.166208,0.243876,2.116361,-0.889840,-12.975638,6.930452,-4.616579
17:14:25.215,0.000200,3.999900,-4.478897,3.075429,0.469846,-10.600776,0.070483,3.405820,-1.403468,-9.159620,13.423130,-10.130930
17:14:25.476,0.000200,3.999900,-4.263942,2.381463,0.438133,-13.426217,-0.035957,4.059303,-1.882478,-8.057553,16.810525,-12.988084
17:14:25.756,0.000200,3.999900,-5.362375,3.915383,0.447768,-14.509922,-0.019604,4.252643,-1.446992,-11.249281,18.136200,-14.062154
17:14:25.966,0.000200,3.999900,-5.627682,4.838837,0.451843,-14.613069,0.031597,4.260477,-0.788845,-12.690654,18.266207,-14.161226
17:14:26.216,0.000200,3.999900,-5.403796,4.231166,0.449529,-14.523871,0.001743,4.251403,-1.172630,-11.682391,18.155248,-14.074342
17:14:26.466,0.000200,3.999900,-5.736242,3.960438,0.463154,-13.840349,-0.025251,4.088273,-1.775804,-11.757224,17.342997,-13.377196
17:14:26.735,0.000200,3.999900,-5.731153,4.020949,0.485025,-11.547549,0.031991,3.569138,-1.710205,-11.824424,14.589497,-11.062524
17:14:27.016,0.000200,3.999900,-6.663295,5.142704,0.526754,-8.856224,0.114123,2.915312,-1.520591,-14.314774,11.376860,-8.329470
17:14:27.216,0.000200,3.999900,-6.892603,5.351708,0.529274,-9.053440,0.108816,2.951600,-1.540894,-14.846227,11.619041,-8.524165
17:14:27.466,0.000200,3.999900,-6.014400,4.388487,0.482039,-12.006762,0.030050,3.655684,-1.625913,-12.613500,15.142672,-11.524723
17:14:27.716,0.000200,3.999900,-5.060109,3.391622,0.450020,-13.608402,-0.016989,4.064177,-1.668487,-10.247723,17.045836,-13.158383
17:14:27.992,0.000200,3.999900,-4.848130,3.162205,0.439212,-14.323688,-0.038023,4.235397,-1.685925,-9.712531,17.900016,-13.884477
17:14:28.256,0.000200,3.999900,-5.251505,3.970932,0.444145,-14.544987,-0.009766,4.263982,-1.280573,-11.182205,18.174323,-14.100842
17:14:28.466,0.000200,3.999900,-5.480531,4.230252,0.449458,-14.522659,-0.005471,4.248790,-1.250279,-11.774325,18.153692,-14.073201
17:14:28.716,0.000200,3.999900,-5.397868,3.920655,0.448728,-14.387970,-0.021446,4.223209,-1.477213,-11.298709,17.989496,-13.939242
17:14:28.966,0.000200,3.999900,-5.492701,3.916079,0.454049,-14.073771,-0.020910,4.149271,-1.576622,-11.408146,17.614982,-13.619721
