Time,Normal1,Normal2,Side1,Side2,Axial,Roll,Normal,Side,Pitch,Yaw,Pitch_position,Yaw_position
hh:mm:ss.ms,lb,lb,lb,lb,lb,in-lb,lb,lb,in-lb,in-lb,degree,degree
19:08:49.215,-3.138985,2.526420,0.386266,-14.534232,-0.079151,4.341550,-0.612565,-6.869303,18.091103,-14.147966,-5.000000,4.000000
19:08:49.315,-3.136651,2.524776,0.386092,-14.533737,-0.078961,4.341933,-0.611875,-6.864481,18.090292,-14.147645,-5.000000,4.000000
19:08:49.452,-3.116280,2.505427,0.385632,-14.533848,-0.078929,4.343018,-0.610852,-6.816320,18.089870,-14.148217,-5.000000,4.000000
19:08:49.515,-3.078919,2.468841,0.385038,-14.532760,-0.079129,4.343937,-0.610077,-6.726659,18.087830,-14.147722,-5.000000,4.000000
19:08:49.615,-3.032934,2.418824,0.384356,-14.530988,-0.079947,4.345921,-0.614110,-6.610257,18.084855,-14.146632,-5.000000,4.000000
19:08:49.715,-2.998272,2.383352,0.383646,-14.529827,-0.080507,4.347638,-0.614919,-6.525219,18.082585,-14.146181,-5.000000,4.000000
19:08:49.815,-2.988407,2.374608,0.383351,-14.529748,-0.080465,4.347954,-0.613799,-6.502655,18.082133,-14.146398,-5.000000,4.000000
19:08:49.915,-3.001674,2.394018,0.383816,-14.530863,-0.079901,4.347835,-0.607655,-6.542276,18.084048,-14.147047,-5.000000,4.000000
19:08:50.015,-3.031323,2.438910,0.384803,-14.532398,-0.078404,4.346792,-0.592414,-6.632657,18.087106,-14.147595,-5.000000,4.000000
19:08:50.115,-3.072837,2.498551,0.385085,-14.532426,-0.076290,4.344628,-0.574286,-6.755309,18.087483,-14.147341,-5.000000,4.000000
19:08:50.215,-3.106070,2.542412,0.385685,-14.532153,-0.075245,4.342619,-0.563658,-6.848785,18.087878,-14.146467,-5.000000,4.000000
19:08:50.315,-3.119924,2.557433,0.386072,-14.533153,-0.075421,4.341882,-0.562491,-6.883795,18.089560,-14.147082,-5.000000,4.000000
19:08:50.431,-3.105722,2.534396,0.385284,-14.533463,-0.076332,4.343276,-0.571326,-6.838644,18.088980,-14.148179,-5.000000,4.000000
19:08:50.515,-3.080437,2.502229,0.384499,-14.532923,-0.077021,4.344332,-0.578208,-6.768983,18.087374,-14.148425,-5.000000,4.000000
19:08:50.615,-3.061281,2.473031,0.384662,-14.532422,-0.078032,4.345285,-0.588250,-6.710353,18.086965,-14.147760,-5.000000,4.000000
19:08:50.715,-3.056908,2.442304,0.385143,-14.532133,-0.080199,4.346246,-0.614604,-6.667795,18.087198,-14.146990,-5.000000,4.000000
19:08:50.815,-3.063484,2.409018,0.385470,-14.531879,-0.083076,4.346049,-0.654466,-6.635408,18.087285,-14.146409,-5.000000,4.000000
19:08:50.915,-3.085162,2.392129,0.385790,-14.531308,-0.085800,4.345048,-0.693033,-6.641215,18.086981,-14.145518,-5.000000,4.000000
19:08:51.015,-3.124154,2.416288,0.386183,-14.531940,-0.086210,4.343529,-0.707866,-6.717786,18.088225,-14.145757,-5.000000,4.000000
19:08:51.115,-3.188738,2.492552,0.387123,-14.534157,-0.084208,4.340516,-0.696186,-6.888564,18.092053,-14.147034,-5.000000,4.000000
19:08:51.215,-3.269437,2.598835,0.388301,-14.537089,-0.081088,4.337146,-0.670602,-7.115280,18.097035,-14.148789,-5.000000,4.000000
19:08:51.315,-3.319633,2.682766,0.389194,-14.538566,-0.078119,4.335476,-0.636866,-7.277909,18.099909,-14.149372,-5.000000,4.000000
19:08:51.415,-3.301223,2.702611,0.389042,-14.538680,-0.075780,4.335826,-0.598613,-7.279649,18.099864,-14.149638,-5.000000,4.000000
19:08:51.515,-3.197206,2.616399,0.387297,-14.535724,-0.076210,4.340404,-0.580807,-7.048997,18.094163,-14.148427,-5.000000,4.000000
19:08:51.615,-3.057719,2.454176,0.384824,-14.532794,-0.079585,4.346974,-0.603543,-6.683172,18.087611,-14.147970,-5.000000,4.000000
19:08:51.715,-2.951284,2.319552,0.383331,-14.529159,-0.082670,4.351333,-0.631732,-6.390888,18.081394,-14.145828,-5.000000,4.000000
19:08:51.815,-2.907365,2.275642,0.382615,-14.527243,-0.082882,4.352749,-0.631723,-6.284397,18.078204,-14.144628,-5.000000,4.000000
19:08:51.961,-2.906068,2.287149,0.382651,-14.527305,-0.081720,4.352498,-0.618919,-6.296775,18.078322,-14.144655,-5.000000,4.000000
19:08:52.015,-2.952366,2.348929,0.383314,-14.529826,-0.080059,4.351126,-0.603437,-6.427821,18.082183,-14.146513,-5.000000,4.000000
19:08:52.115,-3.068872,2.496740,0.384450,-14.533360,-0.076361,4.345429,-0.572132,-6.748305,18.087845,-14.148910,-5.000000,4.000000
19:08:52.215,-3.314536,2.799952,0.388434,-14.541305,-0.069527,4.334839,-0.514584,-7.413818,18.102309,-14.152871,-5.000000,4.000000
19:08:52.315,-3.604851,3.073937,0.393302,-14.549132,-0.068453,4.323512,-0.530914,-8.098031,18.117700,-14.155830,-5.000000,4.000000
19:08:52.415,-3.746777,3.091717,0.396416,-14.548817,-0.077137,4.318243,-0.655060,-8.291675,18.121095,-14.152401,-5.000000,4.000000
19:08:52.515,-3.621709,2.824326,0.394483,-14.541149,-0.089295,4.323755,-0.797382,-7.815818,18.109455,-14.146666,-5.000000,4.000000
19:08:52.615,-3.305391,2.479955,0.389439,-14.531234,-0.093938,4.337032,-0.825436,-7.014732,18.091316,-14.141795,-5.000000,4.000000
19:08:52.715,-3.109761,2.400170,0.386183,-14.528135,-0.086376,4.344109,-0.709591,-6.680791,18.083610,-14.141952,-5.000000,4.000000
19:08:52.815,-3.090610,2.418958,0.385638,-14.529051,-0.083821,4.344667,-0.671652,-6.680351,18.084060,-14.143413,-5.000000,4.000000
19:08:52.936,-3.059932,2.267443,0.385300,-14.526988,-0.093542,4.346638,-0.792489,-6.459442,18.081150,-14.141688,-5.000000,4.000000
19:08:53.015,-2.798534,1.842579,0.380572,-14.517835,-0.107486,4.358901,-0.955955,-5.627349,18.064319,-14.137263,-5.000000,4.000000
19:08:53.115,-2.591652,1.659990,0.376356,-14.513501,-0.105951,4.366007,-0.931662,-5.155117,18.053952,-14.137145,-5.000000,4.000000
19:08:53.215,-2.973463,2.219349,0.382858,-14.532118,-0.087563,4.350632,-0.754115,-6.296285,18.084409,-14.149260,-5.000000,4.000000
19:08:53.315,-3.617163,2.941164,0.394320,-14.548450,-0.075671,4.322423,-0.676000,-7.951971,18.118108,-14.154130,-5.000000,4.000000
19:08:53.415,-3.943656,3.172649,0.400040,-14.553265,-0.081546,4.309500,-0.771006,-8.628520,18.130882,-14.153225,-5.000000,4.000000
19:08:53.515,-3.805779,2.887690,0.397788,-14.546554,-0.095560,4.316710,-0.918089,-8.115831,18.120015,-14.148766,-5.000000,4.000000
19:08:53.615,-3.387656,2.470904,0.390957,-14.534314,-0.100357,4.333461,-0.916752,-7.103504,18.096890,-14.143357,-5.000000,4.000000
19:08:53.715,-2.973230,2.239301,0.383969,-14.526398,-0.090551,4.349525,-0.733929,-6.320194,18.078820,-14.142428,-5.000000,4.000000
19:08:53.815,-2.733911,2.110579,0.380153,-14.522275,-0.084229,4.359214,-0.623332,-5.873944,18.069194,-14.142122,-5.000000,4.000000
19:08:53.915,-2.856694,2.239806,0.382838,-14.526228,-0.081941,4.355024,-0.616888,-6.179507,18.077243,-14.143390,-5.000000,4.000000
19:08:54.015,-3.228564,2.451052,0.388470,-14.533707,-0.090458,4.340543,-0.777512,-6.886534,18.093139,-14.145237,-5.000000,4.000000
19:08:54.115,-3.652330,2.757334,0.394928,-14.544642,-0.095164,4.323131,-0.894996,-7.771719,18.114229,-14.149715,-5.000000,4.000000
19:08:54.215,-3.890691,3.018449,0.399130,-14.556946,-0.090373,4.313906,-0.872243,-8.377332,18.134242,-14.157815,-5.000000,4.000000
19:08:54.315,-3.807478,2.996227,0.396438,-14.554087,-0.086043,4.315918,-0.811250,-8.249493,18.127511,-14.157650,-5.000000,4.000000
19:08:54.461,-3.418691,2.681686,0.388613,-14.544275,-0.083608,4.331443,-0.737005,-7.396708,18.106126,-14.155661,-5.000000,4.000000
19:08:54.515,-2.984817,2.233174,0.381361,-14.531340,-0.088798,4.349901,-0.751643,-6.326814,18.081650,-14.149978,-5.000000,4.000000
19:08:54.615,-2.920537,2.087648,0.381718,-14.524489,-0.096592,4.352965,-0.832889,-6.072425,18.073776,-14.142771,-5.000000,4.000000
19:08:54.715,-3.062936,2.293088,0.384923,-14.528891,-0.091202,4.346869,-0.769848,-6.494179,18.082999,-14.143967,-5.000000,4.000000
19:08:54.815,-3.111989,2.481111,0.386382,-14.533794,-0.080237,4.344158,-0.630878,-6.781634,18.090713,-14.147412,-5.000000,4.000000
19:08:54.915,-3.125530,2.543157,0.386245,-14.534482,-0.076464,4.342338,-0.582373,-6.873284,18.091381,-14.148237,-5.000000,4.000000
19:08:55.015,-3.251035,2.612999,0.387898,-14.535196,-0.079565,4.337070,-0.638036,-7.110140,18.094251,-14.147298,-5.000000,4.000000
19:08:55.115,-3.490754,2.784714,0.391444,-14.540669,-0.082630,4.327812,-0.706041,-7.609005,18.105186,-14.149225,-5.000000,4.000000
19:08:55.215,-3.682624,2.986649,0.394502,-14.546174,-0.080283,4.320582,-0.695975,-8.086494,18.115569,-14.151673,-5.000000,4.000000
19:08:55.315,-3.678836,3.081366,0.394764,-14.547585,-0.072550,4.320377,-0.597470,-8.196744,18.117598,-14.152822,-5.000000,4.000000
19:08:55.443,-3.457716,2.924954,0.390918,-14.543814,-0.069309,4.329040,-0.532761,-7.738988,18.108363,-14.152896,-5.000000,4.000000
19:08:55.515,-3.183670,2.628871,0.386356,-14.536435,-0.073579,4.340030,-0.554799,-7.047706,18.093884,-14.150079,-5.000000,4.000000
19:08:55.615,-3.010600,2.422756,0.383732,-14.530077,-0.077945,4.346922,-0.587845,-6.587944,18.082993,-14.146345,-5.000000,4.000000
19:08:55.715,-2.947035,2.355184,0.382827,-14.527541,-0.079153,4.349742,-0.591851,-6.428941,18.078821,-14.144715,-5.000000,4.000000
19:08:55.815,-2.932709,2.342238,0.382503,-14.527250,-0.079447,4.350741,-0.590471,-6.395873,18.078075,-14.144747,-5.000000,4.000000
19:08:55.915,-2.941503,2.353287,0.382694,-14.528690,-0.079003,4.350372,-0.588216,-6.419933,18.080053,-14.145995,-5.000000,4.000000
19:08:56.015,-2.993558,2.425597,0.383384,-14.531128,-0.076403,4.347854,-0.567961,-6.570725,18.083846,-14.147744,-5.000000,4.000000
19:08:56.115,-3.122499,2.593268,0.385730,-14.534890,-0.072348,4.341886,-0.529230,-6.930368,18.091252,-14.149160,-5.000000,4.000000
19:08:56.215,-3.280532,2.766855,0.388617,-14.539621,-0.069365,4.335610,-0.513677,-7.332456,18.100488,-14.151005,-5.000000,4.000000
19:08:56.315,-3.364859,2.826889,0.389739,-14.542633,-0.070167,4.332127,-0.537969,-7.507494,18.105501,-14.152894,-5.000000,4.000000
19:08:56.457,-3.345890,2.762453,0.389333,-14.541716,-0.074219,4.333384,-0.583437,-7.406366,18.103898,-14.152383,-5.000000,4.000000
19:08:56.515,-3.276907,2.659189,0.388209,-14.538447,-0.077858,4.336612,-0.617718,-7.197516,18.098570,-14.150237,-5.000000,4.000000
19:08:56.615,-3.208630,2.572187,0.387436,-14.534883,-0.079805,4.339381,-0.636443,-7.009240,18.093311,-14.147447,-5.000000,4.000000
19:08:56.715,-3.151916,2.518920,0.386563,-14.532642,-0.079945,4.340984,-0.632996,-6.875888,18.089537,-14.146079,-5.000000,4.000000
19:08:56.815,-3.101131,2.489645,0.385626,-14.532876,-0.079175,4.342822,-0.611485,-6.778816,18.088684,-14.147250,-5.000000,4.000000
19:08:56.915,-3.059398,2.474871,0.384949,-14.533283,-0.077737,4.344800,-0.584527,-6.710300,18.088356,-14.148333,-5.000000,4.000000
19:08:57.015,-3.038186,2.472292,0.384288,-14.533496,-0.076556,4.345446,-0.565894,-6.681455,18.087814,-14.149208,-5.000000,4.000000
19:08:57.115,-3.047710,2.496217,0.384334,-14.533782,-0.075154,4.345234,-0.551493,-6.722012,18.088215,-14.149447,-5.000000,4.000000
19:08:57.215,-3.072734,2.529657,0.384364,-14.534180,-0.074269,4.343818,-0.543077,-6.792898,18.088734,-14.149816,-5.000000,4.000000
19:08:57.315,-3.093273,2.555065,0.385102,-14.534639,-0.073692,4.342599,-0.538208,-6.848610,18.090186,-14.149537,-5.000000,4.000000
19:08:57.436,-3.099050,2.558596,0.385565,-14.534640,-0.073565,4.342800,-0.540454,-6.859896,18.090748,-14.149075,-5.000000,4.000000
19:08:57.515,-3.082504,2.532372,0.384623,-14.534363,-0.074434,4.343087,-0.550133,-6.808037,18.089270,-14.149740,-5.000000,4.000000
19:08:57.615,-3.052486,2.483511,0.384024,-14.533156,-0.076421,4.344056,-0.568975,-6.712396,18.087081,-14.149133,-5.000000,4.000000
19:08:57.715,-3.020116,2.431802,0.383138,-14.531991,-0.078017,4.345776,-0.588313,-6.610450,18.084594,-14.148852,-5.000000,4.000000
19:08:57.815,-3.001231,2.404862,0.383164,-14.531363,-0.078533,4.347006,-0.596369,-6.554888,18.083864,-14.148200,-5.000000,4.000000
19:08:57.915,-3.000240,2.409274,0.383873,-14.530529,-0.078321,4.346947,-0.590966,-6.559036,18.083713,-14.146656,-5.000000,4.000000
19:08:58.015,-3.021188,2.439637,0.384027,-14.531154,-0.077301,4.346363,-0.581551,-6.621250,18.084657,-14.147127,-5.000000,4.000000
19:08:58.115,-3.057984,2.489011,0.384458,-14.531365,-0.075965,4.345020,-0.568974,-6.725732,18.085435,-14.146907,-5.000000,4.000000
19:08:58.215,-3.094447,2.534530,0.384855,-14.532943,-0.075223,4.343549,-0.559917,-6.825134,18.087830,-14.148088,-5.000000,4.000000
19:08:58.315,-3.124337,2.563985,0.385683,-14.533769,-0.074739,4.342315,-0.560352,-6.897090,18.089835,-14.148086,-5.000000,4.000000
19:08:58.415,-3.140069,2.576482,0.385918,-14.533424,-0.074536,4.341304,-0.563587,-6.931318,18.089702,-14.147506,-5.000000,4.000000
19:08:58.515,-3.134563,2.567318,0.385473,-14.532962,-0.075169,4.341512,-0.567245,-6.913531,18.088603,-14.147490,-5.000000,4.000000
19:08:58.615,-3.114851,2.543330,0.385103,-14.532050,-0.075979,4.342132,-0.571520,-6.860545,18.087048,-14.146946,-5.000000,4.000000
19:08:58.715,-3.095728,2.522847,0.384527,-14.532219,-0.076424,4.342535,-0.572881,-6.812523,18.086555,-14.147692,-5.000000,4.000000
19:08:58.815,-3.076413,2.505167,0.384596,-14.531730,-0.076287,4.343953,-0.571246,-6.767666,18.086045,-14.147134,-5.000000,4.000000
19:08:58.958,-3.059092,2.491111,0.384099,-14.532291,-0.076137,4.344687,-0.567980,-6.729621,18.086123,-14.148193,-5.000000,4.000000
19:08:59.015,-3.050159,2.485128,0.383803,-14.533075,-0.076100,4.345198,-0.565031,-6.711536,18.086714,-14.149271,-5.000000,4.000000
19:08:59.115,-3.048466,2.485220,0.384090,-14.533893,-0.076189,4.345604,-0.563246,-6.709595,18.088055,-14.149803,-5.000000,4.000000
19:08:59.214,-3.045515,2.482789,0.383992,-14.534119,-0.076359,4.345532,-0.562725,-6.703069,18.088210,-14.150127,-5.000000,4.000000
19:08:59.315,-3.044535,2.479710,0.383837,-14.531998,-0.076454,4.345277,-0.564825,-6.698148,18.085451,-14.148161,-5.000000,4.000000
19:08:59.415,-3.037915,2.471169,0.383519,-14.530981,-0.076820,4.344911,-0.566747,-6.679765,18.083832,-14.147462,-5.000000,4.000000
19:08:59.515,-3.029856,2.458461,0.383308,-14.532491,-0.077259,4.345828,-0.571395,-6.654585,18.085406,-14.149183,-5.000000,4.000000
19:08:59.615,-3.023267,2.448273,0.383485,-14.533402,-0.077223,4.346518,-0.574994,-6.634241,18.086726,-14.149916,-5.000000,4.000000
19:08:59.715,-3.016618,2.437510,0.383779,-14.532888,-0.077554,4.346693,-0.579108,-6.613130,18.086459,-14.149109,-5.000000,4.000000
19:08:59.815,-3.019539,2.440722,0.383998,-14.533088,-0.077362,4.346972,-0.578817,-6.620567,18.086967,-14.149090,-5.000000,4.000000
19:08:59.934,-3.027188,2.450077,0.384092,-14.532124,-0.077138,4.346528,-0.577111,-6.641183,18.085911,-14.148032,-4.996678,4.000000
19:09:00.015,-3.041048,2.464747,0.384564,-14.530601,-0.077040,4.344643,-0.576300,-6.675777,18.084638,-14.146038,-4.992191,4.000000
19:09:00.115,-3.062615,2.490127,0.384573,-14.530746,-0.076605,4.343574,-0.572488,-6.732701,18.084824,-14.146172,-4.779727,4.000000
19:09:00.215,-3.082948,2.515747,0.384668,-14.532726,-0.075995,4.343279,-0.567201,-6.788418,18.087340,-14.148058,-3.924365,4.000000
19:09:00.315,-3.098149,2.535033,0.385257,-14.532759,-0.075564,4.343069,-0.563116,-6.830233,18.088094,-14.147502,-3.069003,4.000000
19:09:00.458,-3.104684,2.542873,0.385301,-14.532573,-0.075363,4.342802,-0.561811,-6.847663,18.087922,-14.147272,-2.371421,4.000000
19:09:00.515,-3.103911,2.542244,0.385006,-14.533039,-0.075410,4.342429,-0.561668,-6.845963,18.088130,-14.148034,-1.726815,4.000000
19:09:00.615,-3.095439,2.534100,0.384837,-14.533152,-0.075511,4.342428,-0.561339,-6.825816,18.088062,-14.148315,-1.119734,4.000000
19:09:00.715,-3.083973,2.522148,0.384862,-14.533171,-0.075538,4.343094,-0.561824,-6.797422,18.088115,-14.148309,-0.623538,4.000000
19:09:00.815,-3.068407,2.505326,0.384641,-14.532066,-0.076109,4.343568,-0.563081,-6.758152,18.086507,-14.147425,-0.127341,4.000000
19:09:00.915,-3.055786,2.492082,0.384487,-14.531796,-0.076072,4.344512,-0.563704,-6.726790,18.085993,-14.147309,-0.004646,4.000000
19:09:01.015,-3.051488,2.486562,0.384579,-14.532337,-0.076197,4.345543,-0.564926,-6.714885,18.086760,-14.147758,-0.001801,4.000000
19:09:01.115,-3.042964,2.475707,0.384434,-14.531676,-0.076384,4.345609,-0.567256,-6.691389,18.085783,-14.147241,0.000457,4.000000
19:09:01.215,-3.037478,2.467550,0.384180,-14.531427,-0.076358,4.344977,-0.569927,-6.674846,18.085173,-14.147247,0.001058,4.000000
19:09:01.315,-3.027692,2.453487,0.383944,-14.530250,-0.076987,4.345249,-0.574205,-6.645929,18.083460,-14.146306,0.001659,4.000000
19:09:01.457,-3.014017,2.432833,0.384245,-14.531056,-0.077837,4.347197,-0.581184,-6.604305,18.084803,-14.146810,0.001800,4.000000
19:09:01.515,-3.005048,2.417262,0.383619,-14.531149,-0.078551,4.347221,-0.587786,-6.574552,18.084156,-14.147530,0.001800,4.000000
19:09:01.615,-2.999390,2.405941,0.383328,-14.528842,-0.078940,4.346468,-0.593448,-6.553964,18.081006,-14.145514,0.001800,4.000000
19:09:01.715,-3.045371,2.429256,0.376204,-14.529714,-0.086986,4.360582,-0.616115,-6.637985,18.073426,-14.153510,0.001800,4.000000
19:09:01.815,-2.900906,2.283595,0.387713,-14.527053,-0.074188,4.354947,-0.617311,-6.286207,18.084154,-14.139340,0.001800,4.000000
19:09:01.915,-2.807280,2.193922,0.383271,-14.525077,-0.056745,4.347241,-0.613358,-6.063958,18.076372,-14.141806,0.001800,4.000000
19:09:02.015,-2.878240,2.262478,0.378820,-14.525071,-0.047671,4.355551,-0.615763,-6.233120,18.070968,-14.146250,0.001800,4.000000
19:09:02.115,-2.929662,2.323489,0.391442,-14.525650,-0.032169,4.339435,-0.606173,-6.369446,18.086973,-14.134208,0.001789,4.000000
19:09:02.215,-2.928391,2.337737,0.388815,-14.525501,-0.017229,4.351124,-0.590654,-6.385181,18.083608,-14.136687,0.001749,4.000000
19:09:02.315,-2.823718,2.286665,0.396462,-14.524532,0.011216,4.329301,-0.537053,-6.196340,18.091705,-14.128070,0.001709,4.000000
19:09:02.415,-2.913253,2.401083,0.394566,-14.527091,0.015829,4.339721,-0.512171,-6.443632,18.092508,-14.132525,0.001669,4.000000
19:09:02.515,-2.985354,2.460821,0.393446,-14.528520,0.010499,4.344423,-0.524534,-6.603487,18.092884,-14.135073,0.001629,4.000000
19:09:02.615,-2.891180,2.362864,0.397871,-14.525721,0.012378,4.344709,-0.528316,-6.370529,18.094855,-14.127850,0.001600,4.000000
19:09:02.715,-2.825954,2.296514,0.390978,-14.523271,0.012981,4.349803,-0.529440,-6.210993,18.083526,-14.132293,0.001600,4.000000
19:09:02.815,-2.854447,2.311397,0.391578,-14.524215,0.011133,4.349305,-0.543050,-6.263586,18.085399,-14.132637,0.001600,4.000000
19:09:02.915,-2.898014,2.339709,0.396043,-14.525572,0.008584,4.349463,-0.558305,-6.350738,18.092458,-14.129529,0.001568,4.000000
19:09:03.015,-2.907883,2.343777,0.391957,-14.525915,0.007655,4.346209,-0.564106,-6.367638,18.087920,-14.133959,0.001528,4.000000
19:09:03.115,-2.926979,2.365056,0.394135,-14.526616,0.009921,4.345061,-0.561923,-6.416593,18.091411,-14.132481,0.001488,4.000000
19:09:03.215,-2.971685,2.424620,0.396641,-14.528303,0.013034,4.344006,-0.547065,-6.543020,18.096495,-14.131662,0.001448,4.000000
19:09:03.315,-3.043595,2.524751,0.395384,-14.530801,0.014714,4.342598,-0.518844,-6.751620,18.097999,-14.135417,0.001408,4.000000
19:09:03.466,-3.121598,2.619414,0.397741,-14.532272,0.015423,4.338160,-0.502184,-6.960976,18.102641,-14.134531,0.001400,4.000000
19:09:03.515,-3.151878,2.633422,0.398360,-14.532681,0.014177,4.336013,-0.518457,-7.014676,18.103888,-14.134321,0.001400,4.000000
19:09:03.615,-3.118773,2.574093,0.395276,-14.532668,0.012225,4.339339,-0.544680,-6.902600,18.100132,-14.137391,0.001388,4.000000
19:09:03.715,-3.054263,2.497090,0.397273,-14.532109,0.010737,4.340714,-0.557173,-6.731016,18.101875,-14.134836,0.001348,4.000000
19:09:03.815,-3.026559,2.468116,0.395988,-14.531962,0.010529,4.342948,-0.558444,-6.662293,18.100140,-14.135974,0.001308,4.000000
19:09:03.915,-3.051048,2.491209,0.394930,-14.531532,0.010749,4.342016,-0.559839,-6.719987,18.098336,-14.136603,0.001268,4.000000
19:09:04.015,-3.098547,2.537424,0.398265,-14.532530,0.011138,4.338746,-0.561123,-6.833615,18.103588,-14.134265,0.001228,4.000000
19:09:04.115,-3.190938,2.651106,0.397916,-14.534842,0.013871,4.336432,-0.539831,-7.083478,18.105969,-14.136926,0.001200,4.000000
19:09:04.215,-3.362013,2.861854,0.400168,-14.540145,0.019126,4.328288,-0.500159,-7.546438,18.115130,-14.139978,0.001200,4.000000
19:09:04.315,-1.306745,1.048519,0.152620,-5.654754,0.002655,1.680473,-0.258226,-2.855757,7.041441,-5.502133,0.001200,4.000000
19:09:04.434,0.179267,-0.342221,-0.005591,0.007405,-0.015022,0.008272,-0.162954,0.632304,-0.015758,0.001813,0.001167,4.000000
19:09:04.518,0.402419,-0.567413,-0.008153,0.014313,-0.017598,0.013199,-0.164994,1.175921,-0.027240,0.006160,0.001127,4.000000
19:09:04.712,0.576091,-0.691849,-0.013337,0.017055,-0.015603,0.024003,-0.115758,1.537377,-0.036851,0.003718,0.001100,4.000000
19:09:04.718,0.634684,-0.722487,-0.013866,0.017766,-0.013685,0.023995,-0.087803,1.645569,-0.038354,0.003901,0.001100,4.000000
19:09:04.818,0.600858,-0.712751,-0.011509,0.017075,-0.014100,0.025386,-0.111892,1.592751,-0.034658,0.005566,0.001100,4.000000
19:09:04.918,0.395576,-0.522758,-0.010123,0.011283,-0.012136,0.014955,-0.127181,1.113480,-0.025955,0.001159,0.001067,4.000000
19:09:05.018,-0.121320,-0.010797,0.000247,-0.006390,-0.007243,-0.002895,-0.132117,-0.134009,0.008047,-0.006143,0.001027,4.000000
19:09:05.158,-0.542132,0.370597,0.007581,-0.022991,-0.006825,-0.021257,-0.171535,-1.106684,0.037068,-0.015410,0.000987,4.000000
19:09:05.218,-0.588499,0.274777,0.007500,-0.019566,-0.017587,-0.020148,-0.313722,-1.046722,0.032818,-0.012066,0.000947,4.000000
19:09:05.318,-0.371775,-0.078001,0.006122,-0.004390,-0.030946,-0.013901,-0.449776,-0.356201,0.012746,0.001733,0.000907,4.000000
19:09:05.418,0.047885,-0.488875,-0.000835,0.011299,-0.035312,0.003612,-0.440991,0.650821,-0.014713,0.010464,0.000867,4.000000
19:09:05.518,0.629902,-0.904782,-0.013078,0.023936,-0.028704,0.024681,-0.274880,1.860805,-0.044880,0.010858,0.000827,4.000000
19:09:05.690,0.982447,-1.131755,-0.018472,0.029904,-0.023349,0.039064,-0.149307,2.563470,-0.058656,0.011433,0.000786,4.000000
19:09:05.718,1.030095,-1.143687,-0.020091,0.030143,-0.021339,0.039702,-0.113592,2.635712,-0.060909,0.010051,0.000746,4.000000
19:09:05.818,0.986236,-1.091308,-0.020101,0.027202,-0.019575,0.039873,-0.105072,2.519022,-0.057355,0.007100,0.000706,4.000000
19:09:05.967,0.981126,-1.159845,-0.017844,0.028750,-0.024086,0.038948,-0.178719,2.595928,-0.056495,0.010906,0.000700,4.000000
19:09:06.018,0.866555,-1.013475,-0.017052,0.035515,-0.020062,0.032575,-0.146920,2.279537,-0.063738,0.018463,0.000700,4.000000
19:09:06.158,0.744362,-0.836817,-0.016790,0.050971,-0.014481,0.021233,-0.092455,1.917178,-0.082160,0.034181,0.000672,4.000000
19:09:06.218,0.680218,-0.818293,-0.013155,0.054879,-0.016905,0.018384,-0.138076,1.816945,-0.082492,0.041724,0.000592,4.000000
19:09:06.318,0.774147,-0.982296,-0.015403,0.034917,-0.023216,0.027312,-0.208149,2.129688,-0.061013,0.019514,0.000512,4.000000
19:09:06.418,0.750706,-0.953889,-0.015121,0.022763,-0.023457,0.030957,-0.203182,2.066821,-0.045934,0.007643,0.000466,4.000000
19:09:06.518,0.763290,-0.847998,-0.014440,0.022429,-0.015406,0.029272,-0.084707,1.953687,-0.044704,0.007988,0.000426,4.000000
19:09:06.658,0.944038,-1.026547,-0.018524,0.027111,-0.017976,0.037868,-0.082509,2.389334,-0.055332,0.008586,0.000372,4.000000
19:09:06.718,1.009862,-1.148951,-0.020075,0.031391,-0.023397,0.039380,-0.139089,2.617560,-0.062402,0.011316,0.000291,4.000000
19:09:06.818,0.805826,-0.925359,-0.015801,0.025307,-0.019755,0.031194,-0.119533,2.099062,-0.049844,0.009506,0.000211,4.000000
19:09:06.931,0.405927,-0.595319,-0.009669,0.014360,-0.020803,0.015657,-0.189392,1.214011,-0.029135,0.004690,0.000139,4.000000
19:09:07.018,-0.127674,-0.193392,0.000331,0.002130,-0.025485,-0.004948,-0.321065,0.079683,-0.002181,0.002460,0.000069,4.000000
19:09:07.206,-0.390893,0.028962,0.005429,-0.007153,-0.025126,-0.016539,-0.361931,-0.509074,0.015255,-0.001724,0.000007,4.000000
19:09:07.218,-0.150441,-0.190363,0.000023,-0.003696,-0.024599,-0.005441,-0.340804,0.048405,0.004509,-0.003674,-0.000037,4.000000
19:09:07.318,0.171667,-0.470111,-0.004852,0.005946,-0.023598,0.007392,-0.298445,0.778156,-0.013093,0.001094,-0.000082,4.000000
19:09:07.418,0.327885,-0.550101,-0.006075,0.011883,-0.018720,0.013473,-0.222216,1.064559,-0.021775,0.005808,-0.000127,4.000000
19:09:07.518,0.382867,-0.471146,-0.008186,0.011899,-0.009843,0.014959,-0.088280,1.035491,-0.024352,0.003713,-0.000172,4.000000
19:09:07.660,0.471380,-0.480800,-0.009964,0.013194,-0.005881,0.017045,-0.009420,1.154519,-0.028080,0.003231,-0.000215,4.000000
19:09:07.718,0.618842,-0.666991,-0.013077,0.019054,-0.011187,0.022774,-0.048149,1.559073,-0.038959,0.005977,-0.000255,4.000000
19:09:07.818,0.688517,-0.816201,-0.015763,0.022460,-0.018452,0.025902,-0.127684,1.824470,-0.046346,0.006697,-0.000295,4.000000
19:09:07.918,0.568984,-0.725816,-0.012613,0.019433,-0.019804,0.020782,-0.156833,1.569945,-0.038856,0.006821,-0.000335,4.000000
19:09:08.018,0.391528,-0.487602,-0.009714,0.013250,-0.013125,0.013806,-0.096075,1.065945,-0.027844,0.003536,-0.000375,4.000000
19:09:08.184,0.350009,-0.385393,-0.009583,0.010331,-0.007316,0.012907,-0.035383,0.891675,-0.024146,0.000748,-0.000400,4.000000
19:09:08.218,0.435036,-0.485986,-0.009942,0.012657,-0.008577,0.015725,-0.050949,1.116739,-0.027402,0.002716,-0.000400,4.000000
19:09:08.318,0.527273,-0.609835,-0.011570,0.014597,-0.011526,0.020979,-0.082562,1.378743,-0.031728,0.003027,-0.000400,4.000000
19:09:08.467,0.567866,-0.650685,-0.012503,0.015188,-0.012236,0.022817,-0.082819,1.477493,-0.033575,0.002685,-0.000400,4.000000
19:09:08.518,0.587319,-0.656851,-0.011989,0.015362,-0.011523,0.023336,-0.069532,1.508556,-0.033163,0.003373,-0.000400,4.000000
19:09:08.658,0.610896,-0.677549,-0.012779,0.016249,-0.011798,0.023098,-0.066653,1.562240,-0.035196,0.003470,-0.000400,4.000000
19:09:08.718,0.621108,-0.695274,-0.014091,0.016486,-0.012936,0.024022,-0.074166,1.596113,-0.037075,0.002395,-0.000400,4.000000
19:09:08.818,0.608335,-0.684934,-0.013722,0.016832,-0.013155,0.022765,-0.076599,1.568089,-0.037047,0.003111,-0.000400,4.000000
19:09:08.918,0.602270,-0.670996,-0.014263,0.017399,-0.013037,0.022153,-0.068725,1.543835,-0.038390,0.003136,-0.000436,4.000000
19:09:09.018,0.628458,-0.697786,-0.014577,0.018809,-0.013259,0.022318,-0.069328,1.608072,-0.040482,0.004232,-0.000476,4.000000
19:09:09.158,0.695851,-0.796547,-0.015195,0.021454,-0.015677,0.025505,-0.100696,1.809533,-0.044437,0.006260,-0.000500,4.000000
19:09:09.218,0.744416,-0.891407,-0.016026,0.022976,-0.019153,0.028719,-0.146991,1.983435,-0.047291,0.006950,-0.000500,4.000000
19:09:09.318,0.738076,-0.905704,-0.015167,0.024366,-0.020529,0.028865,-0.167628,1.993083,-0.047934,0.009199,-0.000500,4.000000
19:09:09.434,0.685464,-0.836455,-0.013978,0.022803,-0.019009,0.025872,-0.150991,1.845327,-0.044596,0.008825,-0.000464,4.000000
19:09:09.518,0.635704,-0.754938,-0.013958,0.020727,-0.016450,0.024620,-0.119234,1.686154,-0.042056,0.006769,-0.000424,4.000000
19:09:09.713,0.618451,-0.715394,-0.013507,0.019551,-0.014395,0.023147,-0.096943,1.617286,-0.040083,0.006043,-0.000400,4.000000
19:09:09.718,0.612793,-0.696578,-0.012882,0.018253,-0.013236,0.024077,-0.083785,1.587612,-0.037750,0.005371,-0.000400,4.000000
19:09:09.818,0.608716,-0.687332,-0.013451,0.018628,-0.013078,0.023240,-0.078616,1.571458,-0.038896,0.005177,-0.000400,4.000000
19:09:09.918,0.602000,-0.677812,-0.012851,0.018694,-0.012862,0.022539,-0.075812,1.551771,-0.038248,0.005843,-0.000400,4.000000
19:09:10.018,0.591857,-0.666747,-0.012448,0.016697,-0.012518,0.021632,-0.074890,1.526057,-0.035338,0.004250,-0.000400,4.000000
19:09:10.158,0.585459,-0.661641,-0.013191,0.015096,-0.012816,0.022750,-0.076182,1.512108,-0.034299,0.001905,-0.000400,4.000000
19:09:10.218,0.591506,-0.675257,-0.012847,0.015920,-0.013389,0.022328,-0.083751,1.535950,-0.034880,0.003073,-0.000400,4.000000
19:09:10.318,0.611357,-0.707908,-0.012602,0.016899,-0.014719,0.023572,-0.096551,1.599608,-0.035769,0.004297,-0.000400,4.000000
19:09:10.418,0.632121,-0.738908,-0.014023,0.017565,-0.015735,0.023811,-0.106787,1.662372,-0.038301,0.003543,-0.000400,4.000000
19:09:10.518,0.649391,-0.762835,-0.013844,0.019182,-0.016151,0.024040,-0.113444,1.712324,-0.040044,0.005338,-0.000400,4.000000
19:09:10.679,0.660046,-0.774442,-0.014159,0.020250,-0.016392,0.024116,-0.114396,1.739317,-0.041720,0.006090,-0.000400,4.000000
19:09:10.718,0.665320,-0.776747,-0.014779,0.020604,-0.016231,0.025711,-0.111427,1.748507,-0.042902,0.005824,-0.000400,4.000000
19:09:10.818,0.662529,-0.768457,-0.014395,0.020480,-0.015558,0.024898,-0.105927,1.735070,-0.042285,0.006085,-0.000400,4.000000
19:09:10.961,0.659169,-0.759386,-0.014197,0.020677,-0.014926,0.024633,-0.100217,1.719999,-0.042284,0.006480,-0.000400,4.000000
19:09:11.018,0.653078,-0.747060,-0.014469,0.020650,-0.014321,0.023880,-0.093983,1.697667,-0.042583,0.006181,-0.000400,4.000000
19:09:11.158,0.640309,-0.728207,-0.013711,0.019508,-0.013838,0.024095,-0.087898,1.659326,-0.040278,0.005797,-0.000400,4.000000
19:09:11.218,0.631855,-0.713325,-0.013727,0.018046,-0.013338,0.023847,-0.081470,1.631031,-0.038525,0.004318,-0.000400,4.000000
19:09:11.318,0.623524,-0.702805,-0.013710,0.017379,-0.012768,0.024170,-0.079281,1.608173,-0.037696,0.003669,-0.000400,4.000000
19:09:11.418,0.615986,-0.693052,-0.013359,0.017521,-0.012607,0.023315,-0.077066,1.587209,-0.037441,0.004162,-0.000400,4.000000
19:09:11.518,0.610070,-0.685668,-0.013540,0.017925,-0.012657,0.023274,-0.075599,1.571082,-0.038152,0.004385,-0.000400,4.000000
19:09:11.659,0.606272,-0.682757,-0.013790,0.018601,-0.012747,0.022168,-0.076485,1.562948,-0.039274,0.004811,-0.000400,4.000000
19:09:11.718,0.599080,-0.677662,-0.012920,0.016874,-0.012742,0.022334,-0.078582,1.548049,-0.036125,0.003954,-0.000400,4.000000
19:09:11.818,0.591936,-0.672383,-0.013603,0.015314,-0.012860,0.022840,-0.080447,1.532986,-0.035061,0.001711,-0.000400,4.000000
19:09:11.918,0.584075,-0.666677,-0.012985,0.015968,-0.013077,0.022879,-0.082602,1.516536,-0.035106,0.002983,-0.000400,4.000000
19:09:12.018,0.582986,-0.668558,-0.012337,0.016526,-0.013590,0.022333,-0.085572,1.517497,-0.034996,0.004189,-0.000400,4.000000
19:09:12.158,0.582831,-0.669018,-0.013100,0.016471,-0.013721,0.022979,-0.086187,1.517866,-0.035855,0.003371,-0.000382,4.000000
19:09:12.218,0.583723,-0.672287,-0.013378,0.016450,-0.013760,0.022258,-0.088565,1.522912,-0.036167,0.003072,-0.000342,4.000000
19:09:12.318,0.590047,-0.676864,-0.013188,0.016174,-0.013337,0.021871,-0.086817,1.536130,-0.035602,0.002986,-0.000302,4.000000
19:09:12.418,0.600850,-0.683536,-0.013976,0.016771,-0.013203,0.022347,-0.082686,1.557317,-0.037282,0.002795,-0.000300,4.000000
19:09:12.518,0.611117,-0.689660,-0.013651,0.016679,-0.012926,0.023281,-0.078543,1.577191,-0.036775,0.003028,-0.000300,4.000000
19:09:12.685,0.619346,-0.696584,-0.013269,0.017252,-0.013006,0.024152,-0.077238,1.595564,-0.037007,0.003982,-0.000300,4.000000
19:09:12.718,0.624533,-0.696285,-0.013740,0.018183,-0.012643,0.024352,-0.071751,1.601491,-0.038707,0.004443,-0.000300,4.000000
19:09:12.818,0.623991,-0.691382,-0.014038,0.018618,-0.012413,0.023318,-0.067391,1.594891,-0.039596,0.004580,-0.000300,4.000000
19:09:12.967,0.621304,-0.685648,-0.014156,0.018685,-0.012060,0.023317,-0.064344,1.584680,-0.039820,0.004530,-0.000300,4.000000
19:09:13.018,0.616093,-0.675788,-0.014130,0.019236,-0.011760,0.023201,-0.059696,1.566406,-0.040456,0.005105,-0.000300,4.000000
19:09:13.158,0.608635,-0.664687,-0.013660,0.017599,-0.011703,0.023148,-0.056052,1.543902,-0.037902,0.003939,-0.000300,4.000000
19:09:13.218,0.602469,-0.655493,-0.013839,0.016175,-0.011556,0.023206,-0.053023,1.525279,-0.036392,0.002336,-0.000300,4.000000
19:09:13.318,0.598271,-0.650763,-0.013814,0.016519,-0.011346,0.023032,-0.052492,1.514454,-0.036778,0.002705,-0.000300,4.000000
19:09:13.418,0.589167,-0.642896,-0.013050,0.016141,-0.010817,0.022930,-0.053729,1.493877,-0.035394,0.003090,-0.000300,4.000000
19:09:13.518,0.579888,-0.635967,-0.013276,0.015540,-0.010902,0.022717,-0.056080,1.474224,-0.034940,0.002265,-0.000300,4.000000
19:09:13.658,0.566571,-0.628596,-0.013109,0.014901,-0.011637,0.022447,-0.062025,1.449140,-0.033962,0.001791,-0.000300,4.000000
19:09:13.718,0.551684,-0.620174,-0.012213,0.013944,-0.011851,0.021393,-0.068490,1.420878,-0.031715,0.001731,-0.000300,4.000000
19:09:13.818,0.529959,-0.604368,-0.012069,0.014465,-0.011902,0.020277,-0.074409,1.375372,-0.032172,0.002395,-0.000300,4.000000
19:09:13.933,0.506789,-0.582693,-0.012482,0.014408,-0.011720,0.019172,-0.075904,1.320997,-0.032604,0.001926,-0.000300,4.000000
19:09:14.018,0.491747,-0.567283,-0.011097,0.013304,-0.011557,0.018941,-0.075536,1.284073,-0.029587,0.002207,-0.000300,4.000000
19:09:14.212,0.497988,-0.571598,-0.011665,0.013316,-0.011515,0.018817,-0.073610,1.296874,-0.030290,0.001651,-0.000300,4.000000
19:09:14.218,0.521148,-0.593189,-0.012484,0.015563,-0.011438,0.019860,-0.072040,1.351134,-0.034008,0.003079,-0.000300,4.000000
19:09:14.318,0.555419,-0.627680,-0.012302,0.018271,-0.011506,0.020887,-0.072260,1.434508,-0.037069,0.005968,-0.000300,4.000000
19:09:14.418,0.598082,-0.674544,-0.013209,0.018823,-0.012315,0.023584,-0.076462,1.543059,-0.038839,0.005613,-0.000261,4.000000
19:09:14.518,0.626395,-0.706410,-0.013562,0.017629,-0.012953,0.025550,-0.080014,1.616026,-0.037819,0.004068,-0.000220,4.000000
19:09:14.658,0.640863,-0.721526,-0.013847,0.016435,-0.013180,0.025823,-0.080663,1.651898,-0.036717,0.002587,-0.000200,4.000000
19:09:14.718,0.623233,-0.696411,-0.014044,0.016081,-0.012343,0.025191,-0.073178,1.600069,-0.036527,0.002036,-0.000200,4.000000
19:09:14.818,0.582249,-0.636560,-0.012711,0.015203,-0.010553,0.023889,-0.054311,1.477805,-0.033846,0.002491,-0.000200,4.000000
19:09:14.918,0.536730,-0.571001,-0.011733,0.013113,-0.008398,0.022021,-0.034271,1.343125,-0.030126,0.001379,-0.000200,4.000000
19:09:15.018,0.494976,-0.516649,-0.011695,0.011821,-0.007195,0.019907,-0.021673,1.226596,-0.028513,0.000125,-0.000200,4.000000
19:09:15.185,0.483688,-0.506077,-0.011307,0.011806,-0.007254,0.019312,-0.022389,1.200091,-0.028024,0.000498,-0.000200,4.000000
19:09:15.218,0.496884,-0.525980,-0.011136,0.013955,-0.008042,0.019916,-0.029097,1.240223,-0.030423,0.002819,-0.000200,4.000000
19:09:15.318,0.527200,-0.564883,-0.012068,0.015064,-0.008833,0.021147,-0.037683,1.324150,-0.032897,0.002996,-0.000200,4.000000
19:09:15.464,0.552170,-0.601514,-0.011649,0.015082,-0.009658,0.022700,-0.049345,1.398842,-0.032412,0.003433,-0.000200,4.000000
19:09:15.518,0.555512,-0.630072,-0.011835,0.015827,-0.011507,0.022289,-0.074560,1.437520,-0.033540,0.003992,-0.000200,4.000000
19:09:15.658,0.538724,-0.654552,-0.011735,0.016838,-0.014507,0.021344,-0.115828,1.446848,-0.034644,0.005103,-0.000200,4.000000
19:09:15.718,0.514185,-0.668073,-0.011067,0.017922,-0.017126,0.020261,-0.153888,1.433488,-0.035149,0.006856,-0.000200,4.000000
19:09:15.818,0.480037,-0.649112,-0.010551,0.016298,-0.017556,0.019750,-0.169075,1.369094,-0.032555,0.005747,-0.000200,4.000000
19:09:15.918,0.406464,-0.566414,-0.008806,0.013370,-0.015731,0.016417,-0.159950,1.179614,-0.026888,0.004564,-0.000200,4.000000
19:09:16.018,0.315930,-0.445476,-0.006994,0.011828,-0.012444,0.012254,-0.129546,0.923204,-0.022821,0.004834,-0.000200,4.000000
19:09:16.158,0.249168,-0.341163,-0.005781,0.008893,-0.008715,0.009705,-0.091995,0.715777,-0.017792,0.003111,-0.000200,4.000000
19:09:16.218,0.259479,-0.311320,-0.006504,0.008478,-0.006086,0.009584,-0.051842,0.692094,-0.018166,0.001974,-0.000200,4.000000
19:09:16.318,0.368738,-0.406637,-0.008388,0.011367,-0.006984,0.013756,-0.037899,0.940142,-0.023953,0.002978,-0.000200,4.000000
19:09:16.434,0.531499,-0.596610,-0.010881,0.015289,-0.010680,0.020688,-0.065111,1.367832,-0.031732,0.004408,-0.000200,4.000000
19:09:16.518,0.655325,-0.747839,-0.013501,0.018304,-0.014054,0.025777,-0.092514,1.701337,-0.038563,0.004804,-0.000200,4.000000
19:09:16.709,0.696708,-0.788926,-0.013270,0.019051,-0.014717,0.027578,-0.092217,1.801331,-0.039189,0.005781,-0.000200,4.000000
19:09:16.717,0.686237,-0.767965,-0.013397,0.018206,-0.013675,0.027645,-0.081728,1.763220,-0.038319,0.004808,-0.000200,4.000000
19:09:16.818,0.646348,-0.721427,-0.012991,0.016892,-0.012731,0.026086,-0.075078,1.658427,-0.036233,0.003901,-0.000200,4.000000
19:09:16.918,0.520374,-0.566011,-0.010993,0.013161,-0.008605,0.020394,-0.045637,1.317242,-0.029287,0.002169,-0.000200,4.000000
19:09:17.018,0.200980,-0.186874,-0.006298,0.004070,-0.001069,0.006190,0.014105,0.470273,-0.012572,-0.002228,-0.000200,4.000000
19:09:17.158,-0.176551,0.161339,-0.000278,-0.004143,-0.000656,-0.009769,-0.015212,-0.409691,0.004686,-0.004422,-0.000179,4.000000
19:09:17.218,-0.329241,0.167028,0.003271,-0.004406,-0.010755,-0.014548,-0.162213,-0.601725,0.009308,-0.001135,-0.000139,4.000000
19:09:17.318,-0.117111,-0.188826,0.000302,0.003832,-0.023461,-0.004589,-0.305937,0.086955,-0.004279,0.004134,-0.000100,4.000000
19:09:17.418,0.298222,-0.588519,-0.006305,0.012992,-0.025400,0.012343,-0.290296,1.075174,-0.023398,0.006687,-0.000100,4.000000
19:09:17.518,0.518685,-0.665216,-0.010028,0.015047,-0.016429,0.020322,-0.146530,1.435480,-0.030404,0.005019,-0.000100,4.000000
19:09:17.678,0.514020,-0.606207,-0.010363,0.014279,-0.012724,0.020119,-0.092186,1.358276,-0.029877,0.003916,-0.000100,4.000000
19:09:17.718,0.554251,-0.785768,-0.010934,0.019722,-0.023847,0.021873,-0.231518,1.624773,-0.037170,0.008788,-0.000100,4.000000
19:09:17.818,0.850880,-1.243865,-0.016332,0.029305,-0.037958,0.034111,-0.392985,2.539878,-0.055335,0.012974,-0.000100,4.000000
19:09:17.956,0.933715,-1.275841,-0.018903,0.026444,-0.033118,0.037288,-0.342126,2.679087,-0.054983,0.007541,-0.000100,4.000000
19:09:18.018,0.393011,-0.605791,-0.009102,0.021482,-0.016815,0.011995,-0.212780,1.211048,-0.037083,0.012380,-0.000100,4.000000
19:09:18.158,-0.261998,0.080850,0.002874,0.012966,-0.008211,-0.016641,-0.181148,-0.415703,-0.012236,0.015841,-0.000100,4.000000
19:09:18.218,-0.533042,0.207240,0.007094,0.000844,-0.018140,-0.024837,-0.325801,-0.897592,0.007578,0.007938,-0.000100,4.000000
19:09:18.318,-0.300063,-0.214850,0.003844,0.001835,-0.036918,-0.012170,-0.514913,-0.103321,0.002435,0.005679,-0.000100,4.000000
19:09:18.418,0.266336,-0.713498,-0.005544,0.015657,-0.038300,0.011165,-0.447163,1.188049,-0.025706,0.010113,-0.000100,4.000000
19:09:18.518,0.755037,-0.960052,-0.014440,0.024843,-0.024521,0.030117,-0.205016,2.079546,-0.047631,0.010403,-0.000100,4.000000
19:09:18.658,0.931678,-0.995572,-0.017126,0.026397,-0.014859,0.037117,-0.063893,2.336790,-0.052771,0.009270,-0.000100,4.000000
19:09:18.718,0.658783,-0.800735,-0.011929,0.020996,-0.017952,0.026467,-0.141951,1.769666,-0.039921,0.009066,-0.000100,4.000000
19:09:18.818,0.238047,-0.570931,-0.004600,0.012743,-0.028410,0.010096,-0.332884,0.980887,-0.021029,0.008143,-0.000100,4.000000
19:09:18.931,-0.091447,-0.322439,0.000743,0.009545,-0.030404,-0.004556,-0.413886,0.280078,-0.010672,0.010288,-0.000100,4.000000
19:09:19.018,-0.415383,0.035370,0.005518,0.016180,-0.024142,-0.022726,-0.380014,-0.546538,-0.012928,0.021698,-0.000100,4.000000
19:09:19.206,-0.342199,0.074269,0.002009,0.010957,-0.016527,-0.020986,-0.267930,-0.504968,-0.010850,0.012965,-0.000100,4.000000
19:09:19.218,0.301538,-0.490421,-0.010331,0.009012,-0.016091,0.008209,-0.188883,0.960251,-0.023453,-0.001319,-0.000100,4.000000
19:09:19.318,0.800778,-1.092828,-0.017374,0.021284,-0.028630,0.031345,-0.292050,2.295997,-0.046873,0.003909,-0.000100,4.000000
19:09:19.418,0.739089,-1.112742,-0.014538,0.024953,-0.035208,0.029964,-0.373653,2.245346,-0.047882,0.010415,-0.000099,4.000000
19:09:19.518,0.482764,-0.705650,-0.009309,0.016083,-0.021708,0.019245,-0.222885,1.440951,-0.030787,0.006774,-0.000097,4.000000
19:09:19.658,0.358173,-0.413569,-0.007844,0.009594,-0.007959,0.013357,-0.055395,0.935737,-0.021143,0.001750,-0.000095,4.000000
19:09:19.718,0.290015,-0.372677,-0.007423,0.009713,-0.009755,0.009678,-0.082662,0.803513,-0.020778,0.002290,-0.000093,4.000000
19:09:19.818,0.151690,-0.383460,-0.004372,0.010441,-0.019957,0.004030,-0.231771,0.648870,-0.017961,0.006069,-0.000090,4.000000
19:09:19.918,-0.072476,-0.247802,-0.000211,0.006141,-0.024941,-0.005062,-0.320279,0.212582,-0.007701,0.005930,-0.000088,4.000000
19:09:20.018,-0.272568,0.024778,0.002542,-0.002198,-0.017885,-0.013377,-0.247790,-0.360533,0.005747,0.000345,-0.000087,4.000000
19:09:20.182,-0.224643,0.137490,0.000735,-0.004452,-0.005950,-0.012202,-0.087153,-0.439087,0.006289,-0.003718,-0.000085,4.000000
19:09:20.218,0.089941,-0.097553,-0.005586,0.002106,-0.002576,0.000140,-0.007612,0.227336,-0.009327,-0.003480,-0.000083,4.000000
19:09:20.318,0.411103,-0.455115,-0.010793,0.011477,-0.008195,0.013644,-0.044012,1.050289,-0.027003,0.000684,-0.000081,4.000000
19:09:20.463,0.576601,-0.642093,-0.012914,0.016722,-0.011400,0.020849,-0.065492,1.477667,-0.035934,0.003808,-0.000080,4.000000
19:09:20.518,0.621807,-0.673083,-0.013618,0.017201,-0.010927,0.022919,-0.051276,1.570053,-0.037367,0.003583,-0.000078,4.000000
19:09:20.658,0.623618,-0.673068,-0.013663,0.018365,-0.010877,0.022006,-0.049451,1.572232,-0.038835,0.004702,-0.000077,4.000000
19:09:20.718,0.586320,-0.644847,-0.013186,0.017360,-0.011142,0.020592,-0.058527,1.492791,-0.037037,0.004173,-0.000076,4.000000
19:09:20.818,0.480057,-0.529223,-0.011738,0.013757,-0.009218,0.016762,-0.049166,1.223751,-0.030912,0.002018,-0.000075,4.000000
19:09:20.918,0.294818,-0.334179,-0.008626,0.009200,-0.006668,0.009201,-0.039361,0.762658,-0.021614,0.000573,-0.000072,4.000000
19:09:21.018,0.128574,-0.186790,-0.005451,0.004224,-0.006440,0.003349,-0.058215,0.382379,-0.011731,-0.001227,-0.000070,4.000000
19:09:21.158,0.066726,-0.159445,-0.004619,0.001804,-0.008221,0.001354,-0.092719,0.274232,-0.007787,-0.002815,-0.000068,4.000000
19:09:21.218,0.113825,-0.236383,-0.005319,0.003536,-0.010990,0.002530,-0.122558,0.424627,-0.010737,-0.001783,-0.000067,4.000000
19:09:21.318,0.219798,-0.367177,-0.007118,0.007256,-0.013980,0.007357,-0.147379,0.711707,-0.017428,0.000139,-0.000066,4.000000
19:09:21.435,0.306363,-0.457060,-0.008742,0.009504,-0.015094,0.011686,-0.150696,0.925650,-0.022123,0.000762,-0.000065,4.000000
19:09:21.518,0.365871,-0.493466,-0.009232,0.010439,-0.014382,0.014150,-0.127595,1.041946,-0.023851,0.001207,-0.000063,4.000000
19:09:21.714,0.413520,-0.508913,-0.010077,0.012398,-0.012373,0.015538,-0.095393,1.118450,-0.027251,0.002321,-0.000062,4.000000
19:09:21.718,0.448758,-0.511487,-0.011378,0.013643,-0.009983,0.016504,-0.062729,1.164297,-0.030339,0.002265,-0.000061,4.000000
