Time,Pitch_position,Yaw_position,Normal1,Normal2,Side1,Side2,Axial,Roll,Normal,Side,Pitch,Yaw
hh:mm:ss.ms,degree,degree,lb,lb,lb,lb,lb,in-lb,lb,lb,in-lb,in-lb
19:08:45.676,-5.000000,4.000000,-3.140221,2.528608,0.386092,-14.534110,-0.079047,4.341163,-0.611613,-6.873454,18.090745,-14.148018
19:08:45.868,-5.000000,4.000000,-3.134948,2.522738,0.386134,-14.533620,-0.078953,4.342330,-0.612210,-6.859945,18.090201,-14.147486
19:08:46.118,-5.000000,4.000000,-3.109363,2.499125,0.385424,-14.533967,-0.078922,4.343191,-0.610237,-6.800291,18.089761,-14.148542
19:08:46.368,-5.000000,4.000000,-3.068648,2.458483,0.384937,-14.532257,-0.079212,4.344188,-0.610164,-6.701646,18.087098,-14.147320
19:08:46.641,-5.000000,4.000000,-3.021410,2.405772,0.384153,-14.530612,-0.080215,4.346541,-0.615638,-6.580459,18.084152,-14.146460
19:08:46.923,-5.000000,4.000000,-2.991992,2.377728,0.383496,-14.529610,-0.080556,4.347918,-0.614264,-6.510785,18.082141,-14.146114
19:08:47.118,-5.000000,4.000000,-2.988529,2.374753,0.383330,-14.529856,-0.080417,4.347900,-0.613776,-6.502980,18.082238,-14.146526
19:08:47.368,-5.000000,4.000000,-3.006806,2.401549,0.384012,-14.531232,-0.079709,4.347823,-0.605257,-6.557631,18.084733,-14.147220
19:08:47.618,-5.000000,4.000000,-3.039702,2.451748,0.385066,-14.532766,-0.077938,4.346390,-0.587954,-6.658382,18.087872,-14.147700
19:08:47.893,-5.000000,4.000000,-3.083810,2.513805,0.385029,-14.532203,-0.075756,4.344033,-0.570005,-6.787108,18.087144,-14.147174
19:08:48.170,-5.000000,4.000000,-3.112139,2.549931,0.385957,-14.532187,-0.075175,4.342208,-0.562208,-6.865259,18.088249,-14.146231
19:08:48.368,-5.000000,4.000000,-3.121502,2.558547,0.386051,-14.533524,-0.075535,4.341854,-0.562956,-6.887060,18.089984,-14.147474
19:08:48.618,-5.000000,4.000000,-3.099140,2.524640,0.384988,-14.533348,-0.076618,4.343841,-0.574500,-6.818832,18.088482,-14.148360
19:08:48.868,-5.000000,4.000000,-3.074696,2.495805,0.384379,-14.532785,-0.077110,4.344387,-0.578891,-6.754233,18.087061,-14.148406
19:08:49.144,-5.000000,4.000000,-3.057411,2.465652,0.384803,-14.532314,-0.078373,4.345624,-0.591759,-6.696714,18.087004,-14.147511
19:08:49.412,-5.000000,4.000000,-3.057654,2.434932,0.385242,-14.532089,-0.080832,4.346407,-0.622722,-6.659761,18.087264,-14.146846
19:08:49.618,-5.000000,4.000000,-3.065592,2.400636,0.385535,-14.531807,-0.083803,4.345869,-0.664956,-6.627801,18.087277,-14.146272
19:08:49.868,-5.000000,4.000000,-3.092334,2.390830,0.385874,-14.531129,-0.086408,4.344769,-0.701504,-6.648337,18.086867,-14.145255
19:08:50.118,-5.000000,4.000000,-3.134903,2.426603,0.386284,-14.532302,-0.085985,4.343110,-0.708300,-6.743327,18.088786,-14.146018
19:08:50.391,-5.000000,4.000000,-3.207262,2.515940,0.387428,-14.534798,-0.083565,4.339599,-0.691322,-6.939382,18.093199,-14.147369
19:08:50.670,-5.000000,4.000000,-3.289342,2.625692,0.388569,-14.537833,-0.080272,4.336406,-0.663650,-7.171980,18.098262,-14.149264
19:08:50.868,-5.000000,4.000000,-3.326678,2.698637,0.389374,-14.538673,-0.077472,4.335291,-0.628041,-7.305695,18.100257,-14.149299
19:08:51.118,-5.000000,4.000000,-3.289509,2.700304,0.388868,-14.538657,-0.075273,4.336082,-0.589205,-7.262648,18.099625,-14.149789
19:08:51.368,-5.000000,4.000000,-3.163809,2.584008,0.386723,-14.534578,-0.076701,4.342040,-0.579801,-6.969229,18.092077,-14.147855
19:08:51.643,-5.000000,4.000000,-3.024191,2.411077,0.384218,-14.532372,-0.080598,4.348514,-0.613113,-6.590263,18.086366,-14.148154
19:08:51.921,-5.000000,4.000000,-2.930820,2.294108,0.383130,-14.527999,-0.083238,4.352065,-0.636713,-6.335226,18.079744,-14.144870
19:08:52.118,-5.000000,4.000000,-2.903140,2.274590,0.382462,-14.527229,-0.082604,4.352840,-0.628550,-6.277998,18.078001,-14.144767
19:08:52.368,-5.000000,4.000000,-2.908247,2.292337,0.382762,-14.527339,-0.081441,4.352342,-0.615910,-6.305709,18.078497,-14.144577
19:08:52.618,-5.000000,4.000000,-2.969163,2.369891,0.383503,-14.530795,-0.079584,4.350686,-0.599272,-6.473603,18.083587,-14.147292
19:08:52.896,-5.000000,4.000000,-3.103940,2.541452,0.384775,-14.534131,-0.075211,4.343471,-0.562488,-6.845037,18.089174,-14.149356
19:08:53.174,-5.000000,4.000000,-3.388703,2.890583,0.389792,-14.543934,-0.067574,4.331925,-0.498120,-7.613633,18.107143,-14.154142
19:08:53.368,-5.000000,4.000000,-3.671669,3.123864,0.394349,-14.550532,-0.069274,4.320918,-0.547805,-8.239584,18.120669,-14.156183
19:08:53.618,-5.000000,4.000000,-3.759993,3.066925,0.396973,-14.547802,-0.080025,4.317825,-0.693068,-8.277637,18.120540,-14.150829
19:08:53.868,-5.000000,4.000000,-3.564177,2.735088,0.393370,-14.538783,-0.092232,4.326186,-0.829090,-7.637858,18.105236,-14.145413
19:08:54.143,-5.000000,4.000000,-3.217773,2.401499,0.388166,-14.528846,-0.093893,4.340699,-0.816275,-6.813367,18.086877,-14.140680
19:08:54.421,-5.000000,4.000000,-3.088691,2.418768,0.385714,-14.528438,-0.083435,4.344555,-0.669923,-6.677794,18.083409,-14.142723
19:08:54.618,-5.000000,4.000000,-3.096498,2.414500,0.385722,-14.529218,-0.084689,4.344602,-0.681998,-6.682085,18.084364,-14.143496
19:08:54.868,-5.000000,4.000000,-3.044136,2.210773,0.385114,-14.526072,-0.096807,4.347453,-0.833363,-6.371576,18.079814,-14.140958
19:08:55.124,-5.000000,4.000000,-2.705923,1.711780,0.378834,-14.514824,-0.110885,4.363198,-0.994143,-5.356466,18.058560,-14.135990
19:08:55.403,-5.000000,4.000000,-2.569341,1.671525,0.375807,-14.513716,-0.103185,4.366064,-0.897817,-5.142050,18.053546,-14.137909
19:08:55.618,-5.000000,4.000000,-3.137620,2.431696,0.385762,-14.539294,-0.082101,4.344557,-0.705924,-6.752796,18.096630,-14.153532
19:08:55.868,-5.000000,4.000000,-3.765500,3.089509,0.396973,-14.550298,-0.074477,4.315211,-0.675991,-8.311698,18.123566,-14.153325
19:08:56.142,-5.000000,4.000000,-3.977477,3.169152,0.400598,-14.553979,-0.084613,4.309015,-0.808326,-8.665288,18.132425,-14.153382
19:08:56.417,-5.000000,4.000000,-3.730102,2.777998,0.396549,-14.543464,-0.099112,4.319850,-0.952104,-7.891071,18.114765,-14.146914
19:08:56.618,-5.000000,4.000000,-3.271603,2.377024,0.389062,-14.531473,-0.099981,4.338042,-0.894579,-6.848960,18.091149,-14.142411
19:08:56.868,-5.000000,4.000000,-2.884326,2.208089,0.382431,-14.525097,-0.086939,4.352918,-0.676238,-6.174553,18.075377,-14.142666
19:08:57.118,-5.000000,4.000000,-2.696501,2.079889,0.379633,-14.521484,-0.084045,4.360860,-0.616612,-5.791372,18.067605,-14.141851
19:08:57.395,-5.000000,4.000000,-2.928727,2.310093,0.384224,-14.528284,-0.081160,4.352331,-0.618633,-6.352069,18.081416,-14.144060
19:08:57.673,-5.000000,4.000000,-3.328771,2.489285,0.389800,-14.535336,-0.094301,4.336569,-0.839486,-7.054392,18.096727,-14.145536
19:08:57.868,-5.000000,4.000000,-3.754989,2.853294,0.396618,-14.547901,-0.094567,4.318822,-0.901695,-8.012543,18.120229,-14.151283
19:08:58.118,-5.000000,4.000000,-3.918971,3.059928,0.399705,-14.559704,-0.088871,4.313025,-0.859043,-8.461915,18.138284,-14.159999
19:08:58.368,-5.000000,4.000000,-3.756797,2.961101,0.395014,-14.551209,-0.085299,4.317268,-0.795697,-8.145451,18.122296,-14.156195
19:08:58.640,-5.000000,4.000000,-3.298251,2.580506,0.386446,-14.542252,-0.083125,4.336680,-0.717744,-7.127993,18.101047,-14.155806
19:08:58.918,-5.000000,4.000000,-2.891067,2.121416,0.379892,-14.527546,-0.091143,4.353816,-0.769651,-6.077635,18.075269,-14.147654
19:08:59.118,-5.000000,4.000000,-2.954959,2.101621,0.382793,-14.524213,-0.098160,4.351677,-0.853338,-6.131103,18.074744,-14.141420
19:08:59.368,-5.000000,4.000000,-3.096956,2.364882,0.385498,-14.530795,-0.088086,4.345294,-0.732074,-6.622478,18.086006,-14.145297
19:08:59.618,-5.000000,4.000000,-3.109603,2.509265,0.386589,-14.534508,-0.077913,4.344096,-0.600338,-6.812877,18.091830,-14.147918
19:08:59.894,-5.000000,4.000000,-3.132367,2.549608,0.386059,-14.534298,-0.076461,4.341663,-0.582760,-6.889395,18.090932,-14.148239
19:09:00.136,-5.000000,4.000000,-3.295975,2.636324,0.388665,-14.535593,-0.080785,4.335430,-0.659651,-7.192912,18.095664,-14.146928
19:09:00.417,-5.000000,4.000000,-3.556302,2.837310,0.392348,-14.542565,-0.083057,4.325219,-0.718992,-7.752254,18.108582,-14.150217
19:09:00.618,-5.000000,4.000000,-3.716263,3.032485,0.395127,-14.547129,-0.079089,4.319392,-0.683778,-8.182857,18.117486,-14.152002
19:09:00.868,-5.000000,4.000000,-3.655938,3.089393,0.394468,-14.547531,-0.070272,4.321053,-0.566545,-8.178715,18.117175,-14.153063
19:09:01.142,-5.000000,4.000000,-3.385444,2.858415,0.389596,-14.542367,-0.069486,4.332012,-0.527029,-7.570678,18.105005,-14.152771
19:09:01.417,-5.000000,4.000000,-3.122036,2.554933,0.385406,-14.534458,-0.075143,4.342454,-0.567103,-6.883325,18.090335,-14.149051
19:09:01.618,-5.000000,4.000000,-2.981854,2.388861,0.383306,-14.528838,-0.078664,4.348085,-0.592993,-6.511992,18.080975,-14.145533
19:09:01.868,-5.000000,4.000000,-2.940366,2.350218,0.382742,-14.527334,-0.079170,4.350109,-0.590148,-6.414833,18.078467,-14.144591
19:09:02.118,-5.000000,4.000000,-2.931327,2.340314,0.382430,-14.527267,-0.079552,4.350900,-0.591013,-6.391865,18.078008,-14.144838
19:09:02.368,-5.000000,4.000000,-2.945836,2.358851,0.382816,-14.529244,-0.078761,4.350125,-0.586985,-6.431934,18.080873,-14.146428
19:09:02.618,-5.000000,4.000000,-3.011244,2.450455,0.383577,-14.531733,-0.075536,4.347022,-0.560789,-6.622311,18.084813,-14.148155
19:09:02.868,-5.000000,4.000000,-3.161884,2.643300,0.386529,-14.535982,-0.071308,4.340072,-0.518583,-7.038786,18.093544,-14.149454
19:09:03.147,-5.000000,4.000000,-3.317533,2.803188,0.389242,-14.540784,-0.068855,4.334300,-0.514345,-7.421374,18.102657,-14.151542
19:09:03.426,-5.000000,4.000000,-3.374429,2.827344,0.389782,-14.543076,-0.070806,4.331593,-0.547085,-7.519649,18.106089,-14.153294
19:09:03.618,-5.000000,4.000000,-3.332349,2.736857,0.389147,-14.541075,-0.075404,4.334217,-0.595492,-7.358912,18.102893,-14.151928
19:09:03.868,-5.000000,4.000000,-3.258432,2.634922,0.387887,-14.537571,-0.078532,4.337349,-0.623510,-7.145693,18.097117,-14.149684
19:09:04.118,-5.000000,4.000000,-3.193572,2.553461,0.387338,-14.534040,-0.080140,4.340000,-0.640111,-6.968277,18.092171,-14.146702
19:09:04.394,-5.000000,4.000000,-3.139225,2.509918,0.386283,-14.532299,-0.079786,4.341219,-0.629307,-6.849585,18.088780,-14.146016
19:09:04.672,-5.000000,4.000000,-3.089262,2.483877,0.385437,-14.533187,-0.078974,4.343395,-0.605385,-6.757432,18.088831,-14.147750
19:09:04.868,-5.000000,4.000000,-3.050560,2.472739,0.384804,-14.533245,-0.077301,4.345213,-0.577822,-6.697001,18.088134,-14.148441
19:09:05.118,-5.000000,4.000000,-3.035480,2.472636,0.384121,-14.533605,-0.076370,4.345437,-0.562844,-6.678590,18.087742,-14.149483
19:09:05.370,-5.000000,4.000000,-3.053173,2.505395,0.384459,-14.533825,-0.074722,4.345156,-0.547778,-6.739764,18.088418,-14.149366
19:09:05.650,-5.000000,4.000000,-3.079085,2.536949,0.384296,-14.534309,-0.074197,4.343311,-0.542136,-6.809441,18.088808,-14.150013
19:09:05.927,-5.000000,4.000000,-3.097298,2.560403,0.385435,-14.534737,-0.073512,4.342442,-0.536895,-6.859963,18.090709,-14.149302
19:09:06.118,-5.000000,4.000000,-3.098758,2.556586,0.385534,-14.534578,-0.073630,4.342978,-0.542172,-6.857104,18.090637,-14.149044
19:09:06.368,-5.000000,4.000000,-3.076192,2.523351,0.384272,-14.534293,-0.074734,4.343086,-0.552840,-6.789446,18.088761,-14.150021
19:09:06.618,-5.000000,4.000000,-3.044714,2.470062,0.384011,-14.532727,-0.077011,4.344437,-0.574652,-6.686665,18.086545,-14.148715
19:09:06.891,-5.000000,4.000000,-3.012349,2.420053,0.382799,-14.531806,-0.078269,4.346208,-0.592295,-6.586787,18.083959,-14.149008
19:09:07.166,-5.000000,4.000000,-2.998758,2.401758,0.383390,-14.531234,-0.078575,4.347214,-0.596999,-6.548126,18.083981,-14.147844
19:09:07.368,-5.000000,4.000000,-3.001425,2.412982,0.384008,-14.530284,-0.078211,4.346791,-0.588443,-6.564969,18.083579,-14.146276
19:09:07.618,-5.000000,4.000000,-3.028661,2.449202,0.384002,-14.531556,-0.076970,4.346233,-0.579459,-6.641908,18.085113,-14.147554
19:09:07.868,-5.000000,4.000000,-3.067680,2.502315,0.384643,-14.531192,-0.075651,4.344575,-0.565365,-6.753619,18.085451,-14.146549
19:09:08.144,-5.000000,4.000000,-3.102596,2.543940,0.384893,-14.533673,-0.075132,4.343255,-0.558656,-6.846426,18.088760,-14.148780
19:09:08.427,-5.000000,4.000000,-3.130889,2.569564,0.385984,-14.533629,-0.074607,4.342018,-0.561325,-6.911800,18.090031,-14.147645
19:09:08.618,-5.000000,4.000000,-3.142077,2.577839,0.385819,-14.533378,-0.074540,4.341096,-0.564238,-6.935399,18.089526,-14.147559
19:09:08.868,-5.000000,4.000000,-3.131122,2.562855,0.385361,-14.532810,-0.075416,4.341727,-0.568267,-6.903947,18.088283,-14.147449
19:09:09.118,-5.000000,4.000000,-3.109299,2.536750,0.385029,-14.531788,-0.076140,4.342239,-0.572549,-6.845834,18.086641,-14.146759
19:09:09.394,-5.000000,4.000000,-3.091752,2.518991,0.384348,-14.532453,-0.076496,4.342625,-0.572761,-6.803025,18.086620,-14.148105
19:09:09.673,-5.000000,4.000000,-3.071358,2.500678,0.384737,-14.531389,-0.076187,4.344453,-0.570681,-6.756094,18.085803,-14.146652
19:09:09.868,-5.000000,4.000000,-3.055506,2.488448,0.383814,-14.532729,-0.076142,4.344658,-0.567058,-6.722044,18.086308,-14.148915
19:09:10.118,-5.000000,4.000000,-3.048933,2.484474,0.383869,-14.533104,-0.076082,4.345418,-0.564460,-6.709256,18.086829,-14.149235
19:09:10.368,-5.000000,4.000000,-3.048581,2.485673,0.384161,-14.534196,-0.076236,4.345624,-0.562908,-6.710283,18.088508,-14.150035
19:09:10.639,-5.000000,4.000000,-3.044282,2.481547,0.383908,-14.534015,-0.076397,4.345492,-0.562736,-6.700067,18.087982,-14.150107
19:09:10.920,-5.000000,4.000000,-3.044935,2.479292,0.383830,-14.531232,-0.076467,4.345203,-0.565642,-6.698125,18.084512,-14.147402
19:09:11.118,-5.000000,4.000000,-3.035061,2.468080,0.383399,-14.531070,-0.076955,4.344814,-0.566981,-6.672559,18.083794,-14.147671
19:09:11.368,-5.000000,4.000000,-3.028508,2.455436,0.383302,-14.533027,-0.077345,4.346250,-0.573072,-6.649282,18.086049,-14.149726
19:09:11.618,-5.000000,4.000000,-3.021537,2.446196,0.383559,-14.533418,-0.077154,4.346520,-0.575340,-6.629626,18.086835,-14.149859
19:09:11.868,-5.000000,4.000000,-3.015107,2.434604,0.383847,-14.532676,-0.077728,4.346761,-0.580503,-6.607775,18.086285,-14.148828
19:09:12.118,-4.997615,4.000000,-3.021648,2.443833,0.384041,-14.533302,-0.077175,4.347039,-0.577815,-6.626896,18.087278,-14.149261
19:09:12.368,-4.993102,4.000000,-3.028849,2.451771,0.384102,-14.531609,-0.077169,4.346311,-0.577079,-6.645252,18.085299,-14.147507
19:09:12.645,-4.948714,4.000000,-3.045434,2.469431,0.384743,-14.530331,-0.076982,4.344040,-0.576003,-6.686774,18.084527,-14.145588
19:09:12.927,-4.088586,4.000000,-3.068295,2.497114,0.384463,-14.530974,-0.076471,4.343538,-0.571180,-6.748058,18.084968,-14.146511
19:09:13.118,-3.228458,4.000000,-3.087319,2.521363,0.384776,-14.533358,-0.075841,4.343186,-0.565956,-6.800527,18.088237,-14.148583
19:09:13.368,-2.487995,4.000000,-3.101337,2.539034,0.385419,-14.532370,-0.075492,4.343046,-0.562303,-6.838950,18.087819,-14.146950
19:09:13.618,-1.839796,4.000000,-3.105222,2.543406,0.385215,-14.532748,-0.075329,4.342712,-0.561815,-6.848961,18.088030,-14.147533
19:09:13.893,-1.203939,4.000000,-3.103266,2.541657,0.384945,-14.533111,-0.075449,4.342340,-0.561608,-6.844469,18.088143,-14.148167
19:09:14.172,-0.704977,4.000000,-3.092523,2.531275,0.384809,-14.533151,-0.075525,4.342484,-0.561248,-6.818854,18.088027,-14.148342
19:09:14.368,-0.206016,4.000000,-3.081326,2.519253,0.384889,-14.533179,-0.075539,4.343320,-0.562073,-6.790701,18.088158,-14.148290
19:09:14.618,-0.005081,4.000000,-3.063978,2.500563,0.384537,-14.531627,-0.076332,4.343611,-0.563416,-6.747006,18.085848,-14.147090
19:09:14.868,-0.002221,4.000000,-3.053648,2.489912,0.384493,-14.531970,-0.075915,4.344855,-0.563736,-6.721567,18.086211,-14.147477
19:09:15.145,0.000372,4.000000,-3.051160,2.485774,0.384611,-14.532439,-0.076346,4.345730,-0.565385,-6.713533,18.086923,-14.147827
19:09:15.424,0.000976,4.000000,-3.039824,2.471945,0.384357,-14.531351,-0.076363,4.345516,-0.567879,-6.683021,18.085296,-14.146994
19:09:15.618,0.001581,4.000000,-3.037321,2.466741,0.384129,-14.531536,-0.076361,4.344788,-0.570580,-6.673675,18.085244,-14.147407
19:09:15.868,0.001800,4.000000,-3.023948,2.448479,0.383884,-14.529718,-0.077232,4.345476,-0.575469,-6.635317,18.082743,-14.145834
19:09:16.118,0.001800,4.000000,-3.011029,2.427908,0.384402,-14.531711,-0.078015,4.347818,-0.583120,-6.594711,18.085787,-14.147309
19:09:16.394,0.001800,4.000000,-3.003428,2.414281,0.383273,-14.530768,-0.078719,4.346836,-0.589147,-6.568972,18.083275,-14.147495
19:09:16.669,0.001800,4.000000,-2.998199,2.403393,0.383434,-14.528179,-0.078986,4.346418,-0.594806,-6.549430,18.080330,-14.144745
19:09:16.868,0.001800,4.000000,-3.064188,2.440035,0.373339,-14.530479,-0.090117,4.366157,-0.624153,-6.673871,18.070879,-14.157139
19:09:17.118,0.001800,4.000000,-2.832191,2.219526,0.394057,-14.525521,-0.067169,4.349186,-0.612665,-6.125206,18.089988,-14.131464
19:09:17.368,0.001800,4.000000,-2.814242,2.199480,0.377489,-14.525276,-0.054362,4.347881,-0.614762,-6.079139,18.069603,-14.147786
19:09:17.638,0.001792,4.000000,-2.901679,2.285865,0.380752,-14.524942,-0.045624,4.358407,-0.615813,-6.289897,18.073154,-14.144190
19:09:17.916,0.001752,4.000000,-2.934941,2.332566,0.395169,-14.525959,-0.027383,4.331287,-0.602375,-6.386852,18.091868,-14.130790
19:09:18.118,0.001712,4.000000,-2.924533,2.337556,0.385410,-14.525246,-0.014407,4.360900,-0.586977,-6.380282,18.079171,-14.139836
19:09:18.368,0.001671,4.000000,-2.785064,2.266722,0.401632,-14.524314,0.020592,4.314507,-0.518341,-6.125290,18.097710,-14.122682
19:09:18.618,0.001631,4.000000,-2.973020,2.458713,0.390530,-14.528234,0.011674,4.353228,-0.514307,-6.585976,18.089002,-14.137704
19:09:18.891,0.001600,4.000000,-2.975633,2.447604,0.395575,-14.528353,0.011050,4.337673,-0.528029,-6.575675,18.095263,-14.132778
19:09:19.166,0.001600,4.000000,-2.860380,2.332804,0.398254,-14.524728,0.012766,4.349118,-0.527576,-6.296735,18.094115,-14.126474
19:09:19.368,0.001600,4.000000,-2.819939,2.289587,0.388027,-14.522941,0.012971,4.348998,-0.530352,-6.195301,18.079548,-14.134914
19:09:19.618,0.001570,4.000000,-2.869466,2.321651,0.393692,-14.524796,0.010413,4.349622,-0.547815,-6.294230,18.088667,-14.131104
19:09:19.868,0.001530,4.000000,-2.905566,2.344302,0.396451,-14.525734,0.008040,4.349323,-0.561264,-6.365464,18.093150,-14.129283
19:09:20.142,0.001489,4.000000,-2.906953,2.342452,0.390092,-14.525947,0.007637,4.345020,-0.564501,-6.364903,18.085697,-14.135855
19:09:20.423,0.001449,4.000000,-2.935071,2.374257,0.396178,-14.526871,0.010823,4.345367,-0.560814,-6.437561,18.094197,-14.130694
19:09:20.618,0.001409,4.000000,-2.984093,2.442158,0.396325,-14.528803,0.013682,4.343396,-0.541935,-6.579330,18.096718,-14.132478
19:09:20.868,0.001400,4.000000,-3.063941,2.552915,0.395091,-14.531463,0.014961,4.342433,-0.511026,-6.810438,18.098447,-14.136372
19:09:21.118,0.001400,4.000000,-3.139284,2.638667,0.398853,-14.532429,0.015543,4.336522,-0.500617,-7.005766,18.104179,-14.133575
19:09:21.395,0.001388,4.000000,-3.152515,2.626670,0.397895,-14.532742,0.013611,4.336212,-0.525845,-7.007261,18.103399,-14.134847
19:09:21.674,0.001348,4.000000,-3.105366,2.555089,0.394361,-14.532624,0.011819,4.340519,-0.550278,-6.863301,18.098969,-14.138262
19:09:21.868,0.001307,4.000000,-3.037459,2.478942,0.398639,-14.531917,0.010411,4.340503,-0.558517,-6.688637,18.103300,-14.133278
19:09:22.118,0.001267,4.000000,-3.026373,2.468286,0.394614,-14.532026,0.010655,4.343960,-0.558087,-6.662274,18.098551,-14.137412
19:09:22.368,0.001227,4.000000,-3.060785,2.500171,0.395389,-14.531323,0.010755,4.341006,-0.560614,-6.742658,18.098638,-14.135934
19:09:22.643,0.001200,4.000000,-3.111005,2.549871,0.399283,-14.533055,0.011288,4.338104,-0.561134,-6.863813,18.105459,-14.133772
19:09:22.922,0.001200,4.000000,-3.219295,2.687833,0.397132,-14.535416,0.014849,4.335931,-0.531462,-7.162393,18.105714,-14.138284
19:09:23.118,0.001200,4.000000,-3.411155,2.921250,0.401552,-14.541863,0.020567,4.325408,-0.489905,-7.678041,18.118891,-14.140311
19:09:23.368,0.001166,4.000000,-0.468260,0.298527,0.054515,-2.163916,-0.004731,0.642374,-0.169733,-0.929730,2.689848,-2.109401
19:09:23.618,0.001125,4.000000,0.229247,-0.411104,-0.005290,0.009484,-0.017264,0.012210,-0.181858,0.776426,-0.017914,0.004194
19:09:23.895,0.001100,4.000000,0.458252,-0.612016,-0.009351,0.015702,-0.017183,0.012628,-0.153765,1.297700,-0.030377,0.006352
19:09:24.175,0.001100,4.000000,0.608766,-0.712333,-0.014611,0.017248,-0.015084,0.028610,-0.103567,1.601833,-0.038629,0.002637
19:09:24.368,0.001100,4.000000,0.636900,-0.721483,-0.013263,0.017923,-0.013262,0.021059,-0.084582,1.647039,-0.037813,0.004661
19:09:24.674,0.001064,4.000000,0.586163,-0.709566,-0.010968,0.016703,-0.014532,0.027800,-0.123403,1.571071,-0.033551,0.005736
19:09:24.868,0.001024,4.000000,0.324305,-0.450165,-0.009924,0.009244,-0.011090,0.009321,-0.125860,0.939044,-0.023241,-0.000680
19:09:25.118,0.000984,4.000000,-0.278971,0.144074,0.004193,-0.012033,-0.005987,-0.006320,-0.134897,-0.512942,0.019674,-0.007840
19:09:25.368,0.000943,4.000000,-0.607070,0.421823,0.007950,-0.025919,-0.007460,-0.026288,-0.185247,-1.247532,0.041066,-0.017969
19:09:25.640,0.000903,4.000000,-0.565381,0.204541,0.007234,-0.016357,-0.021410,-0.016509,-0.360840,-0.933530,0.028604,-0.009123
19:09:25.920,0.000863,4.000000,-0.301370,-0.171853,0.005751,-0.000471,-0.033760,-0.013764,-0.473223,-0.157040,0.007544,0.005279
19:09:26.118,0.000822,4.000000,0.167897,-0.590514,-0.003331,0.014967,-0.035235,0.010403,-0.422617,0.919574,-0.022187,0.011636
19:09:26.368,0.000782,4.000000,0.782108,-1.003442,-0.016298,0.026565,-0.026158,0.028633,-0.221334,2.164979,-0.051971,0.010267
19:09:26.618,0.000742,4.000000,1.024039,-1.158107,-0.018541,0.030575,-0.022866,0.042197,-0.134068,2.645851,-0.059553,0.012035
19:09:26.896,0.000702,4.000000,1.022338,-1.131603,-0.020684,0.029810,-0.020857,0.037958,-0.109264,2.611653,-0.061223,0.009126
19:09:27.175,0.000700,4.000000,0.973947,-1.078427,-0.019728,0.026259,-0.019189,0.041050,-0.104481,2.488504,-0.055759,0.006530
19:09:27.368,0.000700,4.000000,0.986941,-1.194961,-0.017195,0.029958,-0.026104,0.037836,-0.208020,2.645556,-0.057173,0.012763
19:09:27.618,0.000661,4.000000,0.817857,-0.933639,-0.017154,0.037404,-0.017197,0.030780,-0.115782,2.123688,-0.066151,0.020250
19:09:27.868,0.000581,4.000000,0.727364,-0.818246,-0.016622,0.055839,-0.014112,0.017920,-0.090882,1.874052,-0.087859,0.039217
19:09:28.145,0.000500,4.000000,0.665843,-0.822838,-0.011835,0.053316,-0.018092,0.019374,-0.156995,1.805026,-0.078995,0.041481
19:09:28.424,0.000460,4.000000,0.820187,-1.043816,-0.017126,0.028072,-0.024939,0.030189,-0.223629,2.260104,-0.054803,0.010946
19:09:28.618,0.000420,4.000000,0.712198,-0.903577,-0.013913,0.022346,-0.022455,0.030557,-0.191379,1.959127,-0.043965,0.008433
19:09:28.868,0.000358,4.000000,0.792741,-0.838429,-0.014942,0.022562,-0.012881,0.028865,-0.045688,1.977795,-0.045474,0.007621
19:09:29.118,0.000278,4.000000,0.996282,-1.102762,-0.019809,0.028864,-0.020592,0.041504,-0.106480,2.545091,-0.059017,0.009055
19:09:29.403,0.000198,4.000000,1.002463,-1.148518,-0.019866,0.031955,-0.023861,0.037660,-0.146055,2.608065,-0.062834,0.012089
19:09:29.618,0.000127,4.000000,0.730400,-0.837819,-0.014255,0.022559,-0.018029,0.029073,-0.107419,1.901465,-0.044637,0.008303
19:09:29.868,0.000055,4.000000,0.296872,-0.521411,-0.008245,0.011809,-0.022313,0.010905,-0.224539,0.992167,-0.024316,0.003565
19:09:30.118,-0.000001,4.000000,-0.267838,-0.082573,0.003352,-0.001051,-0.026364,-0.010016,-0.350411,-0.224633,0.005338,0.002301
19:09:30.387,-0.000046,4.000000,-0.405065,0.045762,0.005508,-0.008774,-0.024426,-0.017866,-0.359303,-0.546627,0.017317,-0.003266
19:09:30.666,-0.000091,4.000000,-0.046984,-0.287195,-0.002151,-0.001307,-0.024837,-0.000238,-0.334179,0.291257,-0.001023,-0.003458
19:09:30.868,-0.000136,4.000000,0.232329,-0.518354,-0.005383,0.008212,-0.023053,0.009121,-0.286025,0.910204,-0.016485,0.002829
19:09:31.118,-0.000181,4.000000,0.350632,-0.550813,-0.006218,0.012773,-0.017151,0.014761,-0.200182,1.093002,-0.023026,0.006555
19:09:31.368,-0.000224,4.000000,0.389984,-0.439684,-0.008924,0.011339,-0.007355,0.014724,-0.049700,1.005972,-0.024569,0.002415
19:09:31.643,-0.000264,4.000000,0.501614,-0.504616,-0.010193,0.014060,-0.005908,0.018015,-0.003002,1.220054,-0.029406,0.003867
19:09:31.921,-0.000304,4.000000,0.657516,-0.724960,-0.014155,0.020804,-0.013254,0.024407,-0.067445,1.676252,-0.042388,0.006650
19:09:32.118,-0.000345,4.000000,0.691268,-0.837908,-0.016132,0.022684,-0.019989,0.026091,-0.146641,1.854126,-0.047065,0.006552
19:09:32.368,-0.000385,4.000000,0.520286,-0.676502,-0.011140,0.018102,-0.019356,0.018651,-0.156216,1.451106,-0.035456,0.006962
19:09:32.618,-0.000400,4.000000,0.352825,-0.425429,-0.009512,0.011669,-0.010786,0.012422,-0.072604,0.943634,-0.025682,0.002157
19:09:32.891,-0.000400,4.000000,0.358335,-0.384820,-0.009660,0.010191,-0.006522,0.013434,-0.026485,0.901075,-0.024070,0.000532
19:09:33.168,-0.000400,4.000000,0.463132,-0.525858,-0.010034,0.013660,-0.009578,0.016496,-0.062726,1.199151,-0.028729,0.003626
19:09:33.368,-0.000400,4.000000,0.545617,-0.633100,-0.012151,0.014721,-0.012048,0.022551,-0.087483,1.429194,-0.032583,0.002570
19:09:33.618,-0.000400,4.000000,0.572134,-0.651921,-0.012500,0.015341,-0.012183,0.022538,-0.079788,1.484167,-0.033757,0.002841
19:09:33.868,-0.000400,4.000000,0.592243,-0.658485,-0.011790,0.015333,-0.011276,0.023717,-0.066243,1.516508,-0.032886,0.003543
19:09:34.144,-0.000400,4.000000,0.617022,-0.684639,-0.013216,0.016615,-0.012063,0.022761,-0.067616,1.578264,-0.036170,0.003400
19:09:34.424,-0.000407,4.000000,0.621220,-0.697723,-0.014328,0.016346,-0.013215,0.024599,-0.076504,1.599219,-0.037193,0.002018
19:09:34.618,-0.000447,4.000000,0.603248,-0.679314,-0.013425,0.017058,-0.013063,0.021904,-0.076066,1.555106,-0.036961,0.003632
19:09:34.868,-0.000488,4.000000,0.603126,-0.669098,-0.014664,0.017478,-0.013048,0.022461,-0.065972,1.542572,-0.038973,0.002814
19:09:35.118,-0.000500,4.000000,0.638199,-0.709516,-0.014446,0.019313,-0.013338,0.022187,-0.071317,1.634104,-0.040932,0.004867
19:09:35.394,-0.000500,4.000000,0.716120,-0.827870,-0.015521,0.022173,-0.016576,0.026840,-0.111750,1.872088,-0.045704,0.006652
19:09:35.673,-0.000491,4.000000,0.750590,-0.908727,-0.016145,0.023117,-0.019946,0.029131,-0.158137,2.011922,-0.047605,0.006972
19:09:35.868,-0.000451,4.000000,0.731657,-0.900295,-0.014754,0.024822,-0.020565,0.028660,-0.168639,1.978742,-0.047986,0.010068
19:09:36.118,-0.000411,4.000000,0.668886,-0.812700,-0.013774,0.021898,-0.018389,0.024826,-0.143813,1.796423,-0.043252,0.008125
19:09:36.368,-0.000400,4.000000,0.626711,-0.738041,-0.014080,0.020488,-0.015839,0.024794,-0.111330,1.654763,-0.041914,0.006408
19:09:36.647,-0.000400,4.000000,0.617398,-0.710616,-0.013253,0.019241,-0.013977,0.022457,-0.093218,1.610217,-0.039399,0.005988
19:09:36.926,-0.000400,4.000000,0.611241,-0.692228,-0.012798,0.017940,-0.013047,0.024881,-0.080987,1.580456,-0.037269,0.005142
19:09:37.118,-0.000400,4.000000,0.608103,-0.686469,-0.013728,0.018975,-0.013137,0.022400,-0.078367,1.569668,-0.039652,0.005247
19:09:37.368,-0.000400,4.000000,0.599752,-0.674621,-0.012438,0.018499,-0.012740,0.022799,-0.074869,1.545178,-0.037512,0.006061
19:09:37.618,-0.000400,4.000000,0.589304,-0.664431,-0.012552,0.016037,-0.012460,0.021110,-0.075128,1.520154,-0.034663,0.003485
19:09:37.895,-0.000400,4.000000,0.584571,-0.661109,-0.013417,0.014888,-0.012970,0.023522,-0.076538,1.510387,-0.034320,0.001470
19:09:38.174,-0.000400,4.000000,0.594446,-0.680943,-0.012568,0.016376,-0.013515,0.021671,-0.086497,1.546410,-0.035095,0.003808
19:09:38.368,-0.000400,4.000000,0.617282,-0.717112,-0.012683,0.016993,-0.015160,0.024479,-0.099831,1.617953,-0.035982,0.004310
19:09:38.618,-0.000400,4.000000,0.636505,-0.745225,-0.014529,0.017767,-0.015853,0.023328,-0.108720,1.675347,-0.039160,0.003238
19:09:38.868,-0.000400,4.000000,0.653384,-0.768212,-0.013451,0.019689,-0.016240,0.024437,-0.114828,1.723685,-0.040182,0.006237
19:09:39.143,-0.000400,4.000000,0.661689,-0.775579,-0.014533,0.020346,-0.016430,0.023893,-0.113889,1.742687,-0.042291,0.005814
19:09:39.422,-0.000400,4.000000,0.666346,-0.776929,-0.014785,0.020681,-0.016143,0.026479,-0.110583,1.749971,-0.043003,0.005896
19:09:39.618,-0.000400,4.000000,0.660780,-0.765085,-0.014240,0.020382,-0.015350,0.024090,-0.104304,1.728861,-0.041978,0.006142
19:09:39.868,-0.000400,4.000000,0.658963,-0.757970,-0.014218,0.020817,-0.014811,0.025043,-0.099008,1.718031,-0.042479,0.006599
19:09:40.124,-0.000400,4.000000,0.650817,-0.743121,-0.014563,0.020551,-0.014157,0.023324,-0.092304,1.690149,-0.042576,0.005988
19:09:40.400,-0.000400,4.000000,0.636733,-0.723309,-0.013353,0.019123,-0.013752,0.024533,-0.086576,1.649052,-0.039377,0.005770
19:09:40.618,-0.000400,4.000000,0.630811,-0.710597,-0.013962,0.017716,-0.013196,0.023471,-0.079787,1.626458,-0.038410,0.003755
19:09:40.868,-0.000400,4.000000,0.620916,-0.700409,-0.013555,0.017327,-0.012635,0.024536,-0.079493,1.602107,-0.037444,0.003772
19:09:41.118,-0.000400,4.000000,0.614685,-0.690747,-0.013320,0.017610,-0.012628,0.022746,-0.076062,1.582837,-0.037502,0.004290
19:09:41.391,-0.000400,4.000000,0.608574,-0.684235,-0.013637,0.018028,-0.012663,0.023620,-0.075661,1.567531,-0.038393,0.004391
19:09:41.666,-0.000400,4.000000,0.605733,-0.682526,-0.013826,0.018802,-0.012779,0.021514,-0.076793,1.562014,-0.039561,0.004975
19:09:41.868,-0.000400,4.000000,0.596598,-0.675808,-0.012555,0.016068,-0.012719,0.022816,-0.079209,1.542792,-0.034706,0.003513
19:09:42.118,-0.000400,4.000000,0.590710,-0.671489,-0.014103,0.015214,-0.012921,0.022733,-0.080780,1.530416,-0.035546,0.001111
19:09:42.368,-0.000400,4.000000,0.581768,-0.665004,-0.012424,0.016289,-0.013124,0.022962,-0.083237,1.511711,-0.034815,0.003865
19:09:42.645,-0.000363,4.000000,0.584027,-0.670362,-0.012439,0.016541,-0.013762,0.022065,-0.086335,1.520946,-0.035139,0.004102
19:09:42.868,-0.000323,4.000000,0.582107,-0.668051,-0.013335,0.016440,-0.013663,0.023403,-0.085944,1.515816,-0.036102,0.003105
19:09:43.118,-0.000300,4.000000,0.584533,-0.674187,-0.013338,0.016462,-0.013812,0.021705,-0.089653,1.526198,-0.036132,0.003124
19:09:43.368,-0.000300,4.000000,0.592016,-0.677453,-0.013139,0.016058,-0.013138,0.022070,-0.085437,1.539230,-0.035402,0.002919
19:09:43.642,-0.000300,4.000000,0.603840,-0.685781,-0.014317,0.017080,-0.013277,0.022407,-0.081941,1.563666,-0.038069,0.002762
19:09:43.922,-0.000300,4.000000,0.613246,-0.690636,-0.013306,0.016447,-0.012770,0.023610,-0.077390,1.580957,-0.036076,0.003141
19:09:44.118,-0.000300,4.000000,0.621222,-0.698682,-0.013339,0.017625,-0.013136,0.024285,-0.077459,1.600384,-0.037543,0.004286
19:09:44.368,-0.000300,4.000000,0.625376,-0.694832,-0.013881,0.018311,-0.012418,0.024346,-0.069455,1.600752,-0.039033,0.004431
19:09:44.618,-0.000300,4.000000,0.623242,-0.690382,-0.014066,0.018707,-0.012466,0.022916,-0.067140,1.592769,-0.039737,0.004642
19:09:44.891,-0.000300,4.000000,0.620726,-0.684033,-0.014184,0.018655,-0.011888,0.023572,-0.063307,1.582020,-0.039818,0.004471
19:09:45.170,-0.000300,4.000000,0.614414,-0.672944,-0.014102,0.019471,-0.011752,0.022994,-0.058530,1.560921,-0.040707,0.005369
19:09:45.368,-0.000300,4.000000,0.606774,-0.662137,-0.013493,0.016807,-0.011686,0.023260,-0.055362,1.538555,-0.036738,0.003314
19:09:45.618,-0.000300,4.000000,0.601232,-0.653505,-0.014016,0.016120,-0.011510,0.023158,-0.052273,1.521368,-0.036540,0.002105
19:09:45.870,-0.000300,4.000000,0.597410,-0.650170,-0.013692,0.016689,-0.011293,0.022995,-0.052761,1.512691,-0.036836,0.002997
19:09:46.137,-0.000300,4.000000,0.586140,-0.640184,-0.012828,0.015884,-0.010643,0.022914,-0.054044,1.486918,-0.034814,0.003056
19:09:46.417,-0.000300,4.000000,0.578170,-0.634973,-0.013506,0.015468,-0.011046,0.022644,-0.056803,1.470935,-0.035131,0.001962
19:09:46.618,-0.000300,4.000000,0.562435,-0.626334,-0.012898,0.014696,-0.011833,0.022387,-0.063899,1.441382,-0.033457,0.001798
19:09:46.869,-0.000300,4.000000,0.548470,-0.618306,-0.011996,0.013699,-0.011810,0.021017,-0.069836,1.414715,-0.031154,0.001703
19:09:47.118,-0.000300,4.000000,0.523473,-0.599350,-0.012151,0.014825,-0.011948,0.020077,-0.075877,1.361422,-0.032709,0.002674
19:09:47.395,-0.000300,4.000000,0.501817,-0.577374,-0.012592,0.014156,-0.011619,0.018864,-0.075557,1.308520,-0.032433,0.001564
19:09:47.677,-0.000300,4.000000,0.489003,-0.564615,-0.010484,0.013031,-0.011557,0.019046,-0.075612,1.277512,-0.028511,0.002547
19:09:47.868,-0.000300,4.000000,0.502186,-0.574991,-0.012278,0.013495,-0.011498,0.018701,-0.072805,1.306077,-0.031251,0.001217
19:09:48.118,-0.000277,4.000000,0.527573,-0.599509,-0.012416,0.016331,-0.011419,0.020344,-0.071936,1.366587,-0.034856,0.003916
19:09:48.368,-0.000237,4.000000,0.564791,-0.637203,-0.012274,0.018845,-0.011545,0.020982,-0.072413,1.457418,-0.037732,0.006571
19:09:48.639,-0.000200,4.000000,0.608874,-0.686889,-0.013583,0.018674,-0.012607,0.024583,-0.078015,1.571112,-0.039112,0.005090
19:09:48.923,-0.000200,4.000000,0.630647,-0.711068,-0.013462,0.017255,-0.013017,0.025686,-0.080421,1.626830,-0.037245,0.003793
19:09:49.118,-0.000200,4.000000,0.643840,-0.724499,-0.014023,0.016203,-0.013228,0.025844,-0.080659,1.659110,-0.036649,0.002181
19:09:49.368,-0.000200,4.000000,0.614414,-0.684656,-0.014010,0.016089,-0.011983,0.024929,-0.070242,1.575123,-0.036495,0.002079
19:09:49.618,-0.000200,4.000000,0.571765,-0.620535,-0.012210,0.014852,-0.010078,0.023544,-0.048770,1.445663,-0.032813,0.002643
19:09:49.894,-0.000200,4.000000,0.525525,-0.555452,-0.011669,0.012515,-0.007854,0.021507,-0.029927,1.310685,-0.029322,0.000846
19:09:50.177,-0.000200,4.000000,0.485709,-0.505199,-0.011721,0.011694,-0.007069,0.019404,-0.019490,1.201475,-0.028391,-0.000028
19:09:50.368,-0.000200,4.000000,0.485153,-0.509213,-0.011138,0.011880,-0.007358,0.019398,-0.024059,1.205669,-0.027910,0.000742
19:09:50.618,-0.000200,4.000000,0.501134,-0.531802,-0.011176,0.014752,-0.008286,0.020099,-0.030668,1.252434,-0.031438,0.003576
19:09:50.868,-0.000200,4.000000,0.536402,-0.576456,-0.012408,0.014992,-0.008988,0.021514,-0.040055,1.349340,-0.033222,0.002584
19:09:51.139,-0.000200,4.000000,0.556120,-0.608535,-0.011268,0.015136,-0.009884,0.023076,-0.052415,1.412145,-0.032015,0.003867
19:09:51.419,-0.000200,4.000000,0.554310,-0.636819,-0.012150,0.016086,-0.012089,0.021889,-0.082509,1.444244,-0.034236,0.003935
19:09:51.618,-0.000200,4.000000,0.532896,-0.659873,-0.011495,0.017070,-0.015315,0.021228,-0.126977,1.446232,-0.034635,0.005575
19:09:51.868,-0.000200,4.000000,0.508257,-0.669997,-0.010957,0.018201,-0.017641,0.019910,-0.161740,1.428633,-0.035354,0.007244
19:09:52.118,-0.000200,4.000000,0.470398,-0.640441,-0.010419,0.015483,-0.017397,0.019773,-0.170042,1.346893,-0.031406,0.005064
19:09:52.394,-0.000200,4.000000,0.383703,-0.539452,-0.008204,0.012739,-0.015115,0.015093,-0.155750,1.119325,-0.025393,0.004534
19:09:52.673,-0.000200,4.000000,0.294859,-0.415137,-0.006665,0.011623,-0.011545,0.011462,-0.120277,0.860870,-0.022174,0.004959
19:09:52.868,-0.000200,4.000000,0.236358,-0.319504,-0.005515,0.007870,-0.007822,0.009208,-0.083146,0.673982,-0.016229,0.002355
19:09:53.118,-0.000200,4.000000,0.271681,-0.313384,-0.006958,0.008966,-0.005622,0.009853,-0.041703,0.709392,-0.019307,0.002009
19:09:53.368,-0.000200,4.000000,0.403883,-0.442759,-0.008840,0.012191,-0.007631,0.015223,-0.038876,1.026554,-0.025499,0.003351
19:09:53.638,-0.000200,4.000000,0.573056,-0.648232,-0.011573,0.016306,-0.011720,0.022477,-0.075176,1.480811,-0.033803,0.004732
19:09:53.917,-0.000200,4.000000,0.677510,-0.774380,-0.014089,0.018841,-0.014717,0.026638,-0.096870,1.760416,-0.039928,0.004752
19:09:54.118,-0.000200,4.000000,0.698842,-0.788171,-0.012805,0.019002,-0.014556,0.027738,-0.089328,1.803003,-0.038566,0.006197
19:09:54.368,-0.000200,4.000000,0.680766,-0.760213,-0.013744,0.017905,-0.013369,0.027569,-0.079447,1.747187,-0.038373,0.004161
19:09:54.676,-0.000200,4.000000,0.634164,-0.708082,-0.012611,0.016567,-0.012556,0.025521,-0.073918,1.627473,-0.035379,0.003956
19:09:54.868,-0.000189,4.000000,0.478652,-0.513464,-0.010449,0.011903,-0.007097,0.018517,-0.034812,1.202941,-0.027102,0.001453
19:09:55.118,-0.000149,4.000000,0.102091,-0.071411,-0.004800,0.001301,0.000930,0.001806,0.030680,0.210372,-0.007397,-0.003499
19:09:55.368,-0.000108,4.000000,-0.261889,0.224614,0.001133,-0.005607,-0.001767,-0.013247,-0.037276,-0.589884,0.008171,-0.004474
19:09:55.634,-0.000100,4.000000,-0.334896,0.128991,0.003767,-0.003578,-0.014015,-0.014212,-0.205906,-0.562463,0.008905,0.000189
19:09:55.910,-0.000100,4.000000,-0.030197,-0.304380,-0.001179,0.006540,-0.026377,-0.000892,-0.334576,0.332447,-0.009359,0.005361
19:09:56.118,-0.000100,4.000000,0.406029,-0.671955,-0.007958,0.014866,-0.024306,0.016640,-0.265926,1.307055,-0.027674,0.006909
19:09:56.368,-0.000100,4.000000,0.536659,-0.642236,-0.010439,0.014662,-0.013602,0.020721,-0.105576,1.429410,-0.030434,0.004223
19:09:56.618,-0.000100,4.000000,0.500749,-0.597657,-0.010233,0.014222,-0.013068,0.019785,-0.096908,1.331817,-0.029651,0.003989
19:09:56.898,-0.000100,4.000000,0.578498,-0.861733,-0.011241,0.021896,-0.027997,0.022774,-0.283235,1.746280,-0.040178,0.010654
19:09:57.177,-0.000100,4.000000,0.951949,-1.375435,-0.018256,0.031686,-0.040859,0.038343,-0.423485,2.821953,-0.060555,0.013430
19:09:57.368,-0.000100,4.000000,0.901923,-1.204663,-0.018688,0.023805,-0.029370,0.035842,-0.302739,2.554235,-0.051523,0.005117
19:09:57.618,-0.000100,4.000000,0.200883,-0.387930,-0.005389,0.021213,-0.012797,0.002982,-0.187047,0.713936,-0.032254,0.015824
19:09:57.872,-0.000100,4.000000,-0.396974,0.211872,0.005215,0.009793,-0.007389,-0.022152,-0.185102,-0.738225,-0.005551,0.015008
19:09:58.151,-0.000100,4.000000,-0.553589,0.173492,0.007262,-0.001898,-0.022563,-0.024549,-0.380098,-0.881586,0.011106,0.005364
19:09:58.368,-0.000100,4.000000,-0.195483,-0.359147,0.002461,0.003970,-0.041478,-0.007378,-0.554630,0.198442,-0.001830,0.006430
19:09:58.618,-0.000100,4.000000,0.422229,-0.817506,-0.008351,0.019727,-0.035940,0.017280,-0.395276,1.503179,-0.034044,0.011376
19:09:58.868,-0.000100,4.000000,0.847756,-0.990692,-0.016148,0.025860,-0.020611,0.033668,-0.142935,2.229118,-0.050935,0.009713
19:09:59.144,-0.000100,4.000000,0.942043,-0.990022,-0.017094,0.026359,-0.013552,0.037606,-0.047978,2.342628,-0.052687,0.009265
19:09:59.424,-0.000100,4.000000,0.545007,-0.727745,-0.009908,0.018898,-0.019998,0.021973,-0.182737,1.543211,-0.034928,0.008990
19:09:59.618,-0.000100,4.000000,0.145216,-0.527130,-0.003008,0.010837,-0.031214,0.006527,-0.381915,0.815220,-0.016787,0.007829
19:09:59.868,-0.000100,4.000000,-0.161773,-0.252720,0.001829,0.009502,-0.029402,-0.008038,-0.414493,0.110273,-0.009304,0.011331
19:10:00.118,-0.000100,4.000000,-0.497851,0.131527,0.006702,0.018813,-0.022320,-0.027646,-0.366324,-0.763120,-0.014684,0.025515
19:10:00.394,-0.000100,4.000000,-0.260970,0.028348,-0.000124,0.007229,-0.014695,-0.017172,-0.232622,-0.350798,-0.008916,0.007106
19:10:00.673,-0.000099,4.000000,0.502668,-0.682978,-0.013820,0.010620,-0.017085,0.017247,-0.180309,1.437596,-0.029635,-0.003200
19:10:00.868,-0.000097,4.000000,0.868846,-1.206872,-0.017920,0.025080,-0.032923,0.034679,-0.338026,2.516808,-0.052137,0.007160
19:10:01.118,-0.000095,4.000000,0.671539,-1.047981,-0.013076,0.023978,-0.035060,0.027300,-0.376442,2.084918,-0.044928,0.010902
19:10:01.368,-0.000093,4.000000,0.425084,-0.586981,-0.008185,0.013220,-0.016501,0.016731,-0.161897,1.227129,-0.025953,0.005035
19:10:01.649,-0.000090,4.000000,0.345950,-0.374380,-0.007984,0.008868,-0.005874,0.012645,-0.028430,0.873401,-0.020432,0.000884
19:10:01.927,-0.000088,4.000000,0.271024,-0.381558,-0.007169,0.010222,-0.011787,0.008687,-0.110533,0.791256,-0.021087,0.003053
19:10:02.118,-0.000087,4.000000,0.109449,-0.382043,-0.003335,0.010403,-0.022671,0.002442,-0.272595,0.595934,-0.016657,0.007068
19:10:02.368,-0.000085,4.000000,-0.133634,-0.195424,0.000764,0.004476,-0.025171,-0.007622,-0.329058,0.074921,-0.004501,0.005240
19:10:02.618,-0.000083,4.000000,-0.312231,0.098499,0.003003,-0.004413,-0.014967,-0.015013,-0.213732,-0.498010,0.008992,-0.001410
19:10:02.888,-0.000082,4.000000,-0.180578,0.134839,-0.000269,-0.003928,-0.003120,-0.010699,-0.045739,-0.382443,0.004436,-0.004196
19:10:03.165,-0.000080,4.000000,0.185449,-0.188179,-0.007430,0.004348,-0.003053,0.004032,-0.002730,0.453023,-0.014282,-0.003082
19:10:03.368,-0.000078,4.000000,0.476454,-0.537869,-0.011665,0.013731,-0.010099,0.016471,-0.061415,1.229866,-0.030792,0.002067
19:10:03.618,-0.000077,4.000000,0.600008,-0.662861,-0.013193,0.017348,-0.011447,0.021879,-0.062853,1.531228,-0.037031,0.004155
19:10:03.868,-0.000076,4.000000,0.624664,-0.672036,-0.013717,0.016990,-0.010711,0.023076,-0.047372,1.572249,-0.037232,0.003273
19:10:04.146,-0.000075,4.000000,0.622510,-0.673729,-0.013618,0.018956,-0.010995,0.021548,-0.051218,1.571690,-0.039497,0.005338
19:10:04.425,-0.000072,4.000000,0.572377,-0.633343,-0.013028,0.016588,-0.011171,0.020329,-0.060967,1.461935,-0.035910,0.003560
19:10:04.618,-0.000070,4.000000,0.447196,-0.491133,-0.011270,0.012832,-0.008444,0.015425,-0.043937,1.137723,-0.029224,0.001562
19:10:04.868,-0.000068,4.000000,0.242979,-0.281817,-0.007702,0.007998,-0.006158,0.007082,-0.038838,0.636316,-0.019036,0.000296
19:10:05.118,-0.000067,4.000000,0.096275,-0.162228,-0.004792,0.003034,-0.006674,0.002399,-0.065953,0.313434,-0.009490,-0.001758
19:10:05.368,-0.000066,4.000000,0.062992,-0.164338,-0.004711,0.001611,-0.008771,0.001175,-0.101346,0.275638,-0.007665,-0.003100
19:10:05.618,-0.000065,4.000000,0.134700,-0.263487,-0.005535,0.004340,-0.011727,0.003106,-0.128787,0.482801,-0.011974,-0.001196
19:10:05.870,-0.000063,4.000000,0.248133,-0.401296,-0.007686,0.008206,-0.014685,0.008886,-0.153164,0.787433,-0.019269,0.000520
19:10:06.149,-0.000062,4.000000,0.322328,-0.470646,-0.009018,0.009782,-0.015083,0.012414,-0.148318,0.961481,-0.022795,0.000765
19:10:06.427,-0.000061,4.000000,0.379082,-0.499118,-0.009249,0.010629,-0.014109,0.014654,-0.120035,1.064817,-0.024102,0.001380
19:10:06.618,-0.000060,4.000000,0.423826,-0.511383,-0.010398,0.013047,-0.011757,0.015762,-0.087557,1.133941,-0.028427,0.002648
19:10:06.868,-0.000059,4.000000,0.456039,-0.510926,-0.011685,0.013720,-0.009436,0.016741,-0.054887,1.172445,-0.030803,0.002034
19:10:07.118,-0.000058,4.000000,0.453732,-0.488299,-0.010422,0.012608,-0.007858,0.017079,-0.034567,1.142212,-0.027925,0.002186
19:10:07.393,-0.000057,4.000000,0.426004,-0.459461,-0.010195,0.011526,-0.007383,0.015474,-0.033457,1.073626,-0.026337,0.001331
19:10:07.670,-0.000057,4.000000,0.391009,-0.423268,-0.010463,0.010230,-0.007305,0.013532,-0.032259,0.987310,-0.025090,-0.000233
19:10:07.868,-0.000056,4.000000,0.373159,-0.403768,-0.009878,0.011441,-0.006806,0.012714,-0.030609,0.942024,-0.025849,0.001563
19:10:08.118,-0.000054,4.000000,0.390761,-0.422785,-0.010081,0.012932,-0.006750,0.013028,-0.032023,0.986424,-0.027904,0.002851
19:10:08.369,-0.000052,4.000000,0.420391,-0.460032,-0.010452,0.013535,-0.008005,0.014823,-0.039641,1.067512,-0.029084,0.003083
19:10:08.647,-0.000051,4.000000,0.465923,-0.514977,-0.011204,0.014908,-0.009256,0.017007,-0.049054,1.189342,-0.031661,0.003705
19:10:08.922,-0.000050,4.000000,0.498611,-0.555658,-0.011340,0.015382,-0.010007,0.018866,-0.057047,1.278302,-0.032401,0.004042
19:10:09.117,-0.000049,4.000000,0.504000,-0.558140,-0.012301,0.015649,-0.009819,0.017886,-0.054141,1.287845,-0.033889,0.003349
19:10:09.368,-0.000048,4.000000,0.485505,-0.528709,-0.010851,0.014028,-0.008922,0.017373,-0.043204,1.229734,-0.030166,0.003177
19:10:09.618,-0.000047,4.000000,0.430645,-0.471102,-0.010255,0.012440,-0.007761,0.016496,-0.040457,1.093367,-0.027517,0.002185
19:10:09.893,-0.000047,4.000000,0.383305,-0.427999,-0.009017,0.011985,-0.007351,0.013649,-0.044694,0.983706,-0.025465,0.002968
19:10:10.172,-0.000046,4.000000,0.339371,-0.391142,-0.007797,0.011118,-0.007603,0.011615,-0.051770,0.885747,-0.022934,0.003321
19:10:10.368,-0.000045,4.000000,0.315517,-0.374852,-0.008673,0.008692,-0.007597,0.010520,-0.059335,0.837073,-0.021055,0.000019
19:10:10.618,-0.000044,4.000000,0.312209,-0.375017,-0.007966,0.008024,-0.008194,0.011013,-0.062808,0.833262,-0.019388,0.000058
19:10:10.868,-0.000043,4.000000,0.325251,-0.387546,-0.007849,0.010052,-0.008425,0.011512,-0.062295,0.864267,-0.021705,0.002204
19:10:11.144,-0.000042,4.000000,0.358459,-0.415964,-0.009090,0.011087,-0.007941,0.012881,-0.057506,0.938988,-0.024464,0.001997
19:10:11.368,-0.000041,4.000000,0.387865,-0.440198,-0.008833,0.012013,-0.007967,0.014166,-0.052333,1.004027,-0.025275,0.003180
19:10:11.618,-0.000041,4.000000,0.406786,-0.451602,-0.009377,0.012645,-0.008114,0.014491,-0.044816,1.040795,-0.026701,0.003268
19:10:11.868,-0.000040,4.000000,0.420146,-0.457899,-0.010136,0.013496,-0.007515,0.015473,-0.037752,1.064630,-0.028654,0.003360
19:10:12.145,-0.000039,4.000000,0.428024,-0.463514,-0.009591,0.014261,-0.007872,0.014992,-0.035490,1.080990,-0.028921,0.004670
19:10:12.368,-0.000038,4.000000,0.437861,-0.472642,-0.010369,0.013047,-0.007453,0.015459,-0.034781,1.103985,-0.028392,0.002678
19:10:12.618,-0.000037,4.000000,0.435738,-0.472319,-0.009879,0.012843,-0.007559,0.015338,-0.036580,1.101020,-0.027550,0.002964
19:10:12.868,-0.000036,4.000000,0.441712,-0.479274,-0.010013,0.011552,-0.007693,0.015688,-0.037563,1.116696,-0.026148,0.001538
19:10:13.142,-0.000034,4.000000,0.450426,-0.492630,-0.010674,0.010604,-0.008022,0.016759,-0.042204,1.143455,-0.025799,-0.000069
19:10:13.420,-0.000033,4.000000,0.458023,-0.504365,-0.010870,0.011132,-0.008772,0.016816,-0.046342,1.166896,-0.026678,0.000262
19:10:13.618,-0.000031,4.000000,0.451329,-0.496084,-0.010668,0.012810,-0.008935,0.016747,-0.044756,1.148739,-0.028466,0.002142
19:10:13.868,-0.000031,4.000000,0.447599,-0.494000,-0.010449,0.013262,-0.008941,0.016094,-0.046401,1.141689,-0.028750,0.002813
19:10:14.118,-0.000030,4.000000,0.432691,-0.483569,-0.009892,0.013561,-0.008553,0.016144,-0.050878,1.110965,-0.028437,0.003669
19:10:14.391,-0.000029,4.000000,0.412569,-0.467580,-0.009873,0.011068,-0.008622,0.014407,-0.055011,1.067180,-0.025391,0.001195
19:10:14.669,-0.000028,4.000000,0.383632,-0.437752,-0.009840,0.012216,-0.008625,0.012759,-0.054120,0.995928,-0.026742,0.002376
19:10:14.868,-0.000027,4.000000,0.363596,-0.413903,-0.009339,0.010549,-0.008346,0.012341,-0.050307,0.942717,-0.024114,0.001210
19:10:15.118,-0.000026,4.000000,0.345664,-0.391369,-0.008319,0.010211,-0.007659,0.012968,-0.045704,0.893653,-0.022468,0.001891
19:10:15.368,-0.000025,4.000000,0.336922,-0.378665,-0.008797,0.010793,-0.006959,0.011090,-0.041742,0.867649,-0.023753,0.001996
19:10:15.618,-0.000025,4.000000,0.341393,-0.384194,-0.009440,0.011695,-0.007490,0.010461,-0.042801,0.879774,-0.025626,0.002256
19:10:15.868,-0.000024,4.000000,0.351454,-0.394973,-0.008787,0.009741,-0.007375,0.011802,-0.043519,0.905043,-0.022465,0.000953
19:10:16.146,-0.000023,4.000000,0.370117,-0.413504,-0.009609,0.009491,-0.008139,0.012782,-0.043388,0.950141,-0.023158,-0.000118
19:10:16.427,-0.000022,4.000000,0.390107,-0.432283,-0.009537,0.009104,-0.008179,0.013973,-0.042176,0.997148,-0.022603,-0.000433
19:10:16.618,-0.000021,4.000000,0.407307,-0.452470,-0.009595,0.012207,-0.008085,0.013918,-0.045163,1.042479,-0.026435,0.002612
19:10:16.868,-0.000021,4.000000,0.419585,-0.465698,-0.010405,0.012736,-0.008536,0.014985,-0.046114,1.073406,-0.028058,0.002331
19:10:17.118,-0.000021,4.000000,0.432025,-0.474691,-0.010588,0.013882,-0.008432,0.014782,-0.042666,1.099393,-0.029669,0.003294
19:10:17.388,-0.000021,4.000000,0.429056,-0.476164,-0.009708,0.012314,-0.008654,0.015056,-0.047107,1.097580,-0.026702,0.002605
19:10:17.669,-0.000020,4.000000,0.446047,-0.497820,-0.010597,0.011519,-0.008591,0.015612,-0.051773,1.144439,-0.026816,0.000923
19:10:17.868,-0.000019,4.000000,0.449653,-0.506477,-0.010613,0.011924,-0.009154,0.016192,-0.056824,1.159307,-0.027326,0.001311
19:10:18.118,-0.000018,4.000000,0.469090,-0.531828,-0.010269,0.013726,-0.009336,0.016557,-0.062738,1.213614,-0.029095,0.003457
19:10:18.368,-0.000017,4.000000,0.479772,-0.552121,-0.010923,0.014515,-0.010494,0.016394,-0.072349,1.251170,-0.030844,0.003591
19:10:18.642,-0.000017,4.000000,0.478529,-0.556133,-0.010800,0.014980,-0.010860,0.017022,-0.077604,1.254528,-0.031258,0.004180
19:10:18.915,-0.000017,4.000000,0.462943,-0.542610,-0.011328,0.014573,-0.011043,0.015533,-0.079668,1.219233,-0.031404,0.003245
19:10:19.118,-0.000017,4.000000,0.436583,-0.505726,-0.010936,0.013897,-0.009911,0.014084,-0.069144,1.142550,-0.030110,0.002961
19:10:19.368,-0.000016,4.000000,0.401767,-0.457173,-0.009636,0.011847,-0.008416,0.012837,-0.055407,1.041464,-0.026049,0.002211
19:10:19.618,-0.000015,4.000000,0.363473,-0.398906,-0.009210,0.010698,-0.007031,0.011829,-0.035433,0.924384,-0.024139,0.001488
19:10:19.895,-0.000014,4.000000,0.326820,-0.350522,-0.009040,0.008902,-0.005634,0.010899,-0.023702,0.821277,-0.021754,-0.000138
19:10:20.173,-0.000013,4.000000,0.318125,-0.339791,-0.008680,0.007674,-0.005301,0.010112,-0.021666,0.797723,-0.019829,-0.001006
19:10:20.368,-0.000013,4.000000,0.340715,-0.372851,-0.009686,0.008414,-0.006363,0.011208,-0.032137,0.865199,-0.021947,-0.001272
19:10:20.618,-0.000013,4.000000,0.384016,-0.434875,-0.009604,0.010419,-0.008445,0.012861,-0.050859,0.992905,-0.024278,0.000815
19:10:20.868,-0.000013,4.000000,0.430111,-0.492355,-0.010020,0.011936,-0.009778,0.015142,-0.062244,1.118490,-0.026622,0.001916
19:10:21.145,-0.000013,4.000000,0.463333,-0.537423,-0.010864,0.015113,-0.010829,0.017380,-0.074090,1.213417,-0.031497,0.004249
19:10:21.424,-0.000013,4.000000,0.477743,-0.560672,-0.010488,0.016124,-0.012105,0.017652,-0.082929,1.259078,-0.032267,0.005636
19:10:21.618,-0.000012,4.000000,0.491231,-0.585126,-0.010646,0.016473,-0.012814,0.018215,-0.093894,1.305083,-0.032882,0.005828
19:10:21.917,-0.000012,4.000000,0.501430,-0.603684,-0.011655,0.015920,-0.013049,0.018961,-0.102253,1.339951,-0.033434,0.004265
19:10:22.118,-0.000011,4.000000,0.497344,-0.603928,-0.010800,0.014975,-0.013518,0.018826,-0.106584,1.335291,-0.031252,0.004175
19:10:22.368,-0.000011,4.000000,0.470774,-0.569702,-0.010467,0.014540,-0.011702,0.016620,-0.098927,1.261577,-0.030321,0.004073
19:10:22.618,-0.000011,4.000000,0.403786,-0.465221,-0.009085,0.010671,-0.008742,0.014540,-0.061435,1.053671,-0.023954,0.001586
19:10:22.890,-0.000010,4.000000,0.330469,-0.352925,-0.008518,0.010488,-0.005191,0.010341,-0.022456,0.828615,-0.023044,0.001969
19:10:23.168,-0.000009,4.000000,0.282218,-0.296428,-0.007378,0.010090,-0.004208,0.008524,-0.014210,0.701608,-0.021180,0.002713
19:10:23.368,-0.000009,4.000000,0.300081,-0.336421,-0.007965,0.010165,-0.006492,0.008487,-0.036339,0.771759,-0.021982,0.002199
19:10:23.618,-0.000009,4.000000,0.378710,-0.440629,-0.008603,0.011435,-0.009798,0.013278,-0.061919,0.993449,-0.024296,0.002832
19:10:23.868,-0.000009,4.000000,0.446348,-0.516939,-0.010163,0.012972,-0.010875,0.015836,-0.070592,1.167986,-0.028052,0.002809
19:10:24.144,-0.000008,4.000000,0.471034,-0.535327,-0.011128,0.012757,-0.010379,0.017292,-0.064293,1.220213,-0.028960,0.001629
19:10:24.424,-0.000007,4.000000,0.462595,-0.525582,-0.010282,0.012173,-0.010102,0.017058,-0.062988,1.198165,-0.027227,0.001890
19:10:24.618,-0.000006,4.000000,0.412046,-0.463713,-0.009934,0.012405,-0.008714,0.014198,-0.051667,1.061858,-0.027087,0.002471
19:10:24.868,-0.000006,4.000000,0.321512,-0.352088,-0.008177,0.009953,-0.005736,0.011137,-0.030576,0.816741,-0.021983,0.001775
19:10:25.118,-0.000006,4.000000,0.146384,-0.129681,-0.004880,0.003757,-0.000591,0.002664,0.016703,0.334728,-0.010472,-0.001123
19:10:25.394,-0.000006,4.000000,-0.006047,-0.009449,-0.002584,0.000431,-0.001898,-0.002501,-0.015495,0.004125,-0.003656,-0.002153
19:10:25.673,-0.000006,4.000000,0.026147,-0.133301,-0.002594,0.003109,-0.009929,-0.001693,-0.107155,0.193331,-0.006916,0.000515
19:10:25.868,-0.000006,4.000000,0.240372,-0.419424,-0.006011,0.009263,-0.017641,0.007506,-0.179052,0.800002,-0.018519,0.003251
19:10:26.118,-0.000005,4.000000,0.504437,-0.660576,-0.010858,0.014993,-0.018096,0.019501,-0.156139,1.412579,-0.031345,0.004135
19:10:26.368,-0.000005,4.000000,0.636855,-0.752903,-0.012567,0.018466,-0.016003,0.024475,-0.116049,1.685082,-0.037628,0.005899
19:10:26.636,-0.000004,4.000000,0.646035,-0.737211,-0.012378,0.018763,-0.013912,0.024488,-0.091175,1.677186,-0.037759,0.006385
19:10:26.916,-0.000004,4.000000,0.558823,-0.683849,-0.011422,0.016278,-0.014655,0.021927,-0.125026,1.506739,-0.033587,0.004856
19:10:27.118,-0.000004,4.000000,0.276376,-0.438782,-0.006736,0.008551,-0.013801,0.010099,-0.162406,0.867130,-0.018536,0.001815
19:10:27.368,-0.000004,4.000000,-0.309067,0.107751,0.003331,-0.011707,-0.011167,-0.012485,-0.201315,-0.505392,0.018234,-0.008376
19:10:27.618,-0.000004,4.000000,-0.649777,0.404509,0.009232,-0.021836,-0.011924,-0.025358,-0.245268,-1.278322,0.037671,-0.012604
19:10:27.895,-0.000004,4.000000,-0.623025,0.215652,0.009313,-0.021342,-0.025141,-0.023354,-0.407373,-1.016896,0.037169,-0.012029
19:10:28.176,-0.000004,4.000000,-0.411448,-0.128125,0.006754,-0.006239,-0.038109,-0.014194,-0.539572,-0.343529,0.015753,0.000515
19:10:28.368,-0.000004,4.000000,0.172590,-0.614425,-0.003068,0.012040,-0.037129,0.008626,-0.441835,0.954256,-0.018318,0.008972
19:10:28.618,-0.000004,4.000000,0.852252,-1.053400,-0.015747,0.026549,-0.024795,0.034198,-0.201149,2.310603,-0.051284,0.010801
19:10:28.868,-0.000004,4.000000,1.002572,-1.128396,-0.019472,0.028832,-0.021667,0.039655,-0.125824,2.583799,-0.058569,0.009359
19:10:29.142,-0.000004,4.000000,0.975583,-1.076325,-0.019339,0.029318,-0.019647,0.037601,-0.100742,2.487939,-0.058996,0.009979
19:10:29.421,-0.000003,4.000000,0.937154,-1.074961,-0.018028,0.029098,-0.020554,0.036359,-0.137807,2.439689,-0.057141,0.011070
19:10:29.618,-0.000002,4.000000,0.815319,-1.044888,-0.015126,0.030644,-0.024621,0.032230,-0.229568,2.255501,-0.055495,0.015518
19:10:29.868,-0.000002,4.000000,0.584602,-0.737539,-0.011362,0.064271,-0.015828,0.012293,-0.152937,1.603096,-0.091704,0.052909
19:10:30.118,-0.000002,4.000000,0.429267,-0.557475,-0.007367,0.136711,-0.010646,-0.011411,-0.128208,1.196424,-0.174694,0.129344
19:10:30.396,-0.000002,4.000000,0.513642,-0.714830,-0.010325,0.078247,-0.019238,0.005460,-0.201187,1.489522,-0.107393,0.067922
19:10:30.674,-0.000002,4.000000,0.535271,-0.789051,-0.011393,0.026552,-0.025286,0.019251,-0.253780,1.605741,-0.046009,0.015159
19:10:30.868,-0.000002,4.000000,0.675386,-0.770236,-0.014849,0.019732,-0.015695,0.025093,-0.094849,1.752817,-0.041930,0.004884
19:10:31.118,-0.000001,4.000000,0.987546,-1.105240,-0.020250,0.028313,-0.021027,0.037910,-0.117694,2.537504,-0.058883,0.008063
19:10:31.368,-0.000000,4.000000,1.097902,-1.274050,-0.021577,0.031111,-0.027058,0.043915,-0.176148,2.875991,-0.063884,0.009534
19:10:31.639,0.000000,4.000000,0.887545,-1.026100,-0.017778,0.024437,-0.022334,0.034783,-0.138555,2.320295,-0.051185,0.006659
19:10:31.917,0.000000,4.000000,0.426132,-0.657180,-0.009760,0.016107,-0.024963,0.016516,-0.231048,1.313517,-0.031363,0.006347
19:10:32.118,0.000000,4.000000,-0.087880,-0.333830,-0.000029,0.007088,-0.033446,-0.003325,-0.421710,0.298213,-0.008629,0.007059
19:10:32.368,0.000000,4.000000,-0.225978,-0.254972,0.003466,-0.002849,-0.034278,-0.006693,-0.480951,0.035156,0.007658,0.000617
19:10:32.619,0.000000,4.000000,-0.146457,-0.375948,0.002010,-0.004881,-0.036351,-0.001757,-0.522405,0.278257,0.008356,-0.002871
19:10:32.896,-0.000001,4.000000,-0.288371,-0.112707,0.004513,-0.006724,-0.025992,-0.009480,-0.401078,-0.212992,0.013625,-0.002210
19:10:33.172,-0.000002,4.000000,-0.330596,0.101467,0.004379,-0.005563,-0.013978,-0.012882,-0.229128,-0.523876,0.012054,-0.001184
19:10:33.368,-0.000002,4.000000,-0.049880,0.055118,-0.002628,-0.001177,0.000121,-0.003542,0.005238,-0.127311,-0.001759,-0.003804
19:10:33.618,-0.000001,4.000000,0.401233,-0.365320,-0.010388,0.008604,-0.002252,0.014116,0.035913,0.929445,-0.023028,-0.001784
19:10:33.868,-0.000000,4.000000,0.651849,-0.710367,-0.014548,0.018053,-0.012338,0.025418,-0.058519,1.651687,-0.039529,0.003505
19:10:34.136,0.000001,4.000000,0.645318,-0.760563,-0.014228,0.018327,-0.016966,0.025433,-0.115245,1.704631,-0.039474,0.004099
19:10:34.414,0.000002,4.000000,0.490735,-0.635375,-0.011124,0.015005,-0.017433,0.018899,-0.144641,1.365408,-0.031682,0.003881
19:10:34.620,0.000002,4.000000,0.332511,-0.463135,-0.008023,0.009879,-0.014206,0.012593,-0.130624,0.964721,-0.021706,0.001856
19:10:34.868,0.000002,4.000000,0.261790,-0.379636,-0.006993,0.007655,-0.011993,0.009466,-0.117847,0.777729,-0.017761,0.000662
19:10:35.118,0.000002,4.000000,0.273523,-0.367914,-0.006981,0.008517,-0.010508,0.009681,-0.094391,0.777742,-0.018791,0.001535
19:10:35.400,0.000002,4.000000,0.335819,-0.387186,-0.008109,0.009104,-0.007638,0.012370,-0.051368,0.876643,-0.020871,0.000995
19:10:35.676,0.000002,4.000000,0.420493,-0.451275,-0.009728,0.011849,-0.007417,0.015789,-0.030782,1.057018,-0.026162,0.002122
19:10:35.868,0.000002,4.000000,0.499304,-0.529042,-0.010813,0.013766,-0.007792,0.018923,-0.029737,1.246870,-0.029802,0.002953
19:10:36.118,0.000002,4.000000,0.548510,-0.592313,-0.012091,0.015475,-0.009943,0.021251,-0.043802,1.383248,-0.033425,0.003384
19:10:36.368,0.000002,4.000000,0.555842,-0.613864,-0.012551,0.015980,-0.011279,0.020462,-0.058023,1.418269,-0.034594,0.003429
19:10:36.643,0.000002,4.000000,0.530221,-0.599073,-0.011987,0.015988,-0.011780,0.019517,-0.068852,1.369270,-0.033920,0.004001
19:10:36.918,0.000002,4.000000,0.485185,-0.569587,-0.011471,0.015691,-0.011849,0.017266,-0.084402,1.278911,-0.032934,0.004221
19:10:37.118,0.000002,4.000000,0.455223,-0.562769,-0.010796,0.014999,-0.013304,0.017779,-0.107546,1.234316,-0.031277,0.004203
19:10:37.368,0.000002,4.000000,0.425629,-0.557617,-0.009765,0.014625,-0.014616,0.015642,-0.131988,1.192186,-0.029574,0.004860
19:10:37.618,0.000002,4.000000,0.409706,-0.559793,-0.009438,0.014521,-0.016077,0.015653,-0.150087,1.175517,-0.029049,0.005083
19:10:37.868,0.000002,4.000000,0.385665,-0.518575,-0.009176,0.013759,-0.014562,0.014125,-0.132910,1.096391,-0.027808,0.004583
19:10:38.134,0.000002,4.000000,0.389051,-0.478901,-0.009691,0.012131,-0.010951,0.014216,-0.089850,1.052392,-0.026460,0.002440
19:10:38.411,0.000003,4.000000,0.437212,-0.497226,-0.010577,0.012240,-0.009479,0.016341,-0.060013,1.133006,-0.027665,0.001664
19:10:38.618,0.000003,4.000000,0.497989,-0.548896,-0.012055,0.014581,-0.009526,0.017602,-0.050906,1.269348,-0.032297,0.002526
19:10:38.868,0.000004,4.000000,0.549318,-0.601927,-0.012368,0.015659,-0.010012,0.019790,-0.052609,1.395884,-0.033983,0.003291
19:10:39.118,0.000003,4.000000,0.573802,-0.626311,-0.012631,0.016682,-0.010373,0.020494,-0.052508,1.455137,-0.035543,0.004051
19:10:39.391,0.000003,4.000000,0.564770,-0.615964,-0.012867,0.017154,-0.010127,0.019955,-0.051194,1.431641,-0.036401,0.004287
19:10:39.664,0.000002,4.000000,0.536165,-0.587456,-0.012551,0.016137,-0.009925,0.018915,-0.051291,1.362391,-0.034785,0.003586
19:10:39.868,0.000002,4.000000,0.508258,-0.565637,-0.012210,0.015528,-0.009991,0.018652,-0.057380,1.302098,-0.033633,0.003318
19:10:40.118,0.000002,4.000000,0.489437,-0.557352,-0.010929,0.015112,-0.010366,0.017862,-0.067915,1.269232,-0.031575,0.004184
19:10:40.368,0.000003,4.000000,0.475430,-0.556403,-0.010671,0.014456,-0.011534,0.017964,-0.080973,1.251097,-0.030467,0.003784
19:10:40.638,0.000004,4.000000,0.464065,-0.554817,-0.010571,0.015350,-0.012309,0.017534,-0.090752,1.235395,-0.031430,0.004779
19:10:40.915,0.000004,4.000000,0.459491,-0.551318,-0.011148,0.014558,-0.011968,0.017330,-0.091827,1.225606,-0.031169,0.003410
19:10:41.118,0.000003,4.000000,0.460652,-0.544446,-0.011185,0.015086,-0.011801,0.017327,-0.083794,1.218682,-0.031853,0.003902
19:10:41.368,0.000002,4.000000,0.480662,-0.558886,-0.010788,0.014919,-0.011652,0.018680,-0.078225,1.260452,-0.031170,0.004131
19:10:41.620,0.000003,4.000000,0.501462,-0.573233,-0.011244,0.015375,-0.011621,0.019219,-0.071771,1.303068,-0.032276,0.004130
19:10:41.892,0.000004,4.000000,0.518244,-0.588360,-0.011798,0.014808,-0.011273,0.019658,-0.070116,1.341758,-0.032259,0.003010
19:10:42.167,0.000004,4.000000,0.529838,-0.594831,-0.012523,0.014180,-0.011094,0.020106,-0.064993,1.363662,-0.032378,0.001658
19:10:42.368,0.000004,4.000000,0.536862,-0.602224,-0.012216,0.016624,-0.011451,0.020131,-0.065362,1.381142,-0.034968,0.004408
19:10:42.618,0.000004,4.000000,0.537890,-0.598791,-0.012011,0.016745,-0.010974,0.018649,-0.060901,1.378226,-0.034867,0.004734
19:10:42.868,0.000004,4.000000,0.538896,-0.595040,-0.012589,0.017684,-0.010367,0.018527,-0.056144,1.374898,-0.036707,0.005095
19:10:43.118,0.000004,4.000000,0.542567,-0.596453,-0.012707,0.016725,-0.010139,0.019923,-0.053886,1.381062,-0.035686,0.004018
19:10:43.368,0.000004,4.000000,0.542349,-0.594207,-0.012260,0.017361,-0.009903,0.019633,-0.051857,1.378074,-0.035915,0.005102
19:10:43.618,0.000004,4.000000,0.538442,-0.591512,-0.012369,0.018197,-0.009874,0.019349,-0.053070,1.370070,-0.037061,0.005827
19:10:43.899,0.000004,4.000000,0.530603,-0.587284,-0.012261,0.014743,-0.010076,0.019061,-0.056681,1.355438,-0.032743,0.002483
19:10:44.175,0.000004,4.000000,0.517283,-0.578587,-0.012698,0.013523,-0.010593,0.018970,-0.061304,1.328742,-0.031793,0.000824
19:10:44.392,0.000004,4.000000,0.503656,-0.574470,-0.011572,0.014749,-0.010973,0.017952,-0.070814,1.307229,-0.031914,0.003176
19:10:44.671,0.000004,4.000000,0.493180,-0.568758,-0.011044,0.015125,-0.011281,0.018107,-0.075578,1.287599,-0.031731,0.004081
19:10:44.868,0.000004,4.000000,0.475754,-0.559383,-0.011089,0.014685,-0.011563,0.017584,-0.083628,1.255104,-0.031252,0.003596
19:10:45.118,0.000004,4.000000,0.465522,-0.551088,-0.010971,0.014217,-0.011197,0.017078,-0.085566,1.232639,-0.030541,0.003246
19:10:45.368,0.000003,4.000000,0.467208,-0.551881,-0.010907,0.014031,-0.011609,0.016665,-0.084673,1.235646,-0.030237,0.003124
19:10:45.618,0.000002,4.000000,0.474124,-0.555125,-0.010605,0.014156,-0.011240,0.017657,-0.081001,1.247965,-0.030023,0.003551
19:10:45.868,0.000003,4.000000,0.487773,-0.560808,-0.011129,0.015131,-0.011101,0.019260,-0.073034,1.271404,-0.031839,0.004002
19:10:46.118,0.000004,4.000000,0.514063,-0.585443,-0.011353,0.014644,-0.011281,0.019803,-0.071380,1.333152,-0.031522,0.003291
19:10:46.368,0.000004,4.000000,0.531145,-0.596325,-0.012075,0.014179,-0.010797,0.019093,-0.065180,1.367058,-0.031833,0.002104
19:10:46.618,0.000004,4.000000,0.547160,-0.612755,-0.012893,0.014913,-0.011184,0.019619,-0.065595,1.406397,-0.033715,0.002020
19:10:46.868,0.000004,4.000000,0.555153,-0.616675,-0.012556,0.015475,-0.011068,0.020516,-0.061522,1.420842,-0.033987,0.002919
19:10:47.118,0.000004,4.000000,0.552896,-0.613553,-0.012749,0.014340,-0.011027,0.020583,-0.060658,1.414319,-0.032845,0.001591
19:10:47.368,0.000004,4.000000,0.551285,-0.607146,-0.012697,0.012748,-0.010826,0.020549,-0.055862,1.404597,-0.030852,0.000051
19:10:47.618,0.000004,4.000000,0.539551,-0.598557,-0.012192,0.014051,-0.010632,0.020282,-0.059006,1.379956,-0.031820,0.001860
19:10:47.868,0.000004,4.000000,0.535660,-0.594219,-0.012080,0.014218,-0.010846,0.019729,-0.058559,1.369978,-0.031886,0.002139
19:10:48.118,0.000004,4.000000,0.533284,-0.594285,-0.012121,0.013293,-0.010845,0.019442,-0.061001,1.367177,-0.030814,0.001172
19:10:48.368,0.000004,4.000000,0.532201,-0.591706,-0.012175,0.013425,-0.010932,0.019687,-0.059505,1.362737,-0.031039,0.001250
19:10:48.618,0.000003,4.000000,0.515524,-0.579630,-0.012141,0.014400,-0.010966,0.017825,-0.064106,1.327874,-0.032181,0.002258
19:10:48.868,0.000002,4.000000,0.502177,-0.574357,-0.011015,0.014656,-0.011391,0.017934,-0.072181,1.305298,-0.031126,0.003641
19:10:49.118,0.000003,4.000000,0.486094,-0.567132,-0.010698,0.015565,-0.011905,0.018786,-0.081039,1.277037,-0.031844,0.004867
19:10:49.368,0.000004,4.000000,0.459805,-0.544023,-0.011245,0.014512,-0.011650,0.016789,-0.084217,1.217141,-0.031229,0.003267
19:10:49.618,0.000004,4.000000,0.442071,-0.528160,-0.010564,0.015088,-0.011396,0.015799,-0.086089,1.176405,-0.031103,0.004524
19:10:49.868,0.000004,4.000000,0.435081,-0.520773,-0.010337,0.014171,-0.011001,0.015910,-0.085692,1.158973,-0.029716,0.003835
19:10:50.118,0.000004,4.000000,0.440796,-0.522326,-0.010250,0.014640,-0.010714,0.016502,-0.081530,1.167786,-0.030179,0.004390
19:10:50.368,0.000004,4.000000,0.476553,-0.554634,-0.011033,0.014885,-0.011005,0.017196,-0.078081,1.250314,-0.031426,0.003852
19:10:50.618,0.000004,4.000000,0.524100,-0.601098,-0.011658,0.014972,-0.011827,0.018917,-0.076998,1.364302,-0.032289,0.003314
19:10:50.887,0.000004,4.000000,0.562773,-0.644573,-0.012165,0.016387,-0.012571,0.019949,-0.081801,1.463907,-0.034620,0.004222
19:10:51.164,0.000004,4.000000,0.589273,-0.675860,-0.012525,0.015567,-0.012798,0.021394,-0.086587,1.533974,-0.034062,0.003042
19:10:51.368,0.000004,4.000000,0.593265,-0.679935,-0.012817,0.015531,-0.012800,0.021969,-0.086670,1.543755,-0.034372,0.002713
19:10:51.618,0.000004,4.000000,0.573083,-0.650278,-0.012452,0.016623,-0.011671,0.021307,-0.077195,1.483326,-0.035253,0.004172
19:10:51.868,0.000004,4.000000,0.533259,-0.595657,-0.012060,0.015432,-0.010424,0.019789,-0.062398,1.368810,-0.033335,0.003372
19:10:52.143,0.000004,4.000000,0.482076,-0.522795,-0.011695,0.015506,-0.008394,0.016898,-0.040719,1.218405,-0.032982,0.003811
19:10:52.422,0.000004,4.000000,0.452439,-0.483921,-0.011139,0.013424,-0.007536,0.016326,-0.031482,1.135336,-0.029782,0.002285
19:10:52.618,0.000004,4.000000,0.452929,-0.490659,-0.011178,0.013767,-0.008140,0.015669,-0.037731,1.144100,-0.030246,0.002588
19:10:52.868,0.000004,4.000000,0.479895,-0.530881,-0.010956,0.015463,-0.009735,0.017029,-0.050987,1.225566,-0.032034,0.004507
19:10:53.118,0.000004,4.000000,0.516059,-0.572332,-0.011413,0.014616,-0.010632,0.019026,-0.056273,1.319675,-0.031560,0.003203
19:10:53.394,0.000004,4.000000,0.536146,-0.606083,-0.012250,0.015392,-0.011545,0.019657,-0.069937,1.384952,-0.033516,0.003143
19:10:53.674,0.000004,4.000000,0.533734,-0.629919,-0.011923,0.016569,-0.013563,0.019864,-0.096185,1.410929,-0.034547,0.004646
19:10:53.868,0.000004,4.000000,0.513090,-0.646278,-0.011594,0.018249,-0.015897,0.018985,-0.133188,1.405733,-0.036185,0.006655
19:10:54.118,0.000004,4.000000,0.481317,-0.650528,-0.010935,0.016004,-0.018320,0.017881,-0.169211,1.372361,-0.032663,0.005069
19:10:54.368,0.000004,4.000000,0.440782,-0.620105,-0.010344,0.014760,-0.018168,0.015829,-0.179322,1.286325,-0.030439,0.004415
19:10:54.639,0.000005,4.000000,0.376369,-0.544351,-0.008800,0.012027,-0.015937,0.013673,-0.167981,1.116372,-0.025252,0.003227
19:10:54.924,0.000006,4.000000,0.277258,-0.406218,-0.007323,0.011435,-0.012320,0.007221,-0.128960,0.828715,-0.022744,0.004111
19:10:55.118,0.000006,4.000000,0.220158,-0.302137,-0.006920,0.008375,-0.008258,0.006251,-0.081979,0.633284,-0.018545,0.001456
19:10:55.368,0.000005,4.000000,0.243185,-0.290800,-0.007307,0.006029,-0.006435,0.007227,-0.047614,0.647457,-0.016169,-0.001278
19:10:55.618,0.000004,4.000000,0.379462,-0.433424,-0.009724,0.011452,-0.008512,0.012577,-0.053962,0.985624,-0.025676,0.001729
19:10:55.899,0.000004,4.000000,0.552000,-0.644806,-0.012476,0.018035,-0.013164,0.020024,-0.092807,1.451128,-0.036994,0.005559
19:10:56.118,0.000004,4.000000,0.666656,-0.780793,-0.013791,0.020444,-0.015978,0.026214,-0.114137,1.755032,-0.041509,0.006653
19:10:56.368,0.000004,4.000000,0.691597,-0.793421,-0.014246,0.020233,-0.015443,0.025973,-0.101823,1.800584,-0.041806,0.005987
19:10:56.618,0.000004,4.000000,0.680331,-0.776030,-0.013461,0.019984,-0.014986,0.026073,-0.095699,1.765838,-0.040552,0.006522
19:10:56.901,0.000004,4.000000,0.644124,-0.744679,-0.013393,0.020027,-0.014795,0.024296,-0.100555,1.683924,-0.040523,0.006634
19:10:57.118,0.000004,4.000000,0.475167,-0.527048,-0.010795,0.014627,-0.009140,0.016382,-0.051881,1.215186,-0.030823,0.003832
19:10:57.368,0.000004,4.000000,0.074424,-0.056417,-0.004625,0.001295,-0.000368,0.000033,0.018006,0.158645,-0.007178,-0.003331
19:10:57.618,0.000004,4.000000,-0.325650,0.271579,0.001988,-0.008210,-0.003166,-0.018132,-0.054071,-0.724140,0.012365,-0.006222
19:10:57.888,0.000004,4.000000,-0.389184,0.159187,0.003769,-0.006264,-0.015900,-0.018416,-0.229997,-0.664901,0.012165,-0.002496
19:10:58.166,0.000004,4.000000,-0.030974,-0.328892,-0.001333,0.006298,-0.028887,-0.002745,-0.359866,0.361226,-0.009253,0.004964
19:10:58.368,0.000005,4.000000,0.438752,-0.713768,-0.009477,0.016387,-0.026064,0.016623,-0.275016,1.397430,-0.031360,0.006910
19:10:58.618,0.000006,4.000000,0.540525,-0.650586,-0.010939,0.016485,-0.014709,0.020192,-0.110061,1.444223,-0.033252,0.005545
19:10:58.868,0.000006,4.000000,0.470341,-0.554538,-0.009962,0.014286,-0.012588,0.017168,-0.084198,1.242666,-0.029400,0.004324
19:10:59.146,0.000005,4.000000,0.570490,-0.858741,-0.011639,0.021678,-0.029158,0.022128,-0.288251,1.732943,-0.040397,0.010039
19:10:59.425,0.000004,4.000000,0.989193,-1.422281,-0.019373,0.034165,-0.042053,0.039271,-0.433088,2.923913,-0.064916,0.014792
19:10:59.618,0.000005,4.000000,0.914006,-1.219891,-0.019105,0.025931,-0.029154,0.035702,-0.305885,2.587350,-0.054606,0.006826
19:10:59.868,0.000006,4.000000,0.168421,-0.376502,-0.005473,0.017551,-0.013921,0.001542,-0.208081,0.660720,-0.027918,0.012078
19:11:00.118,0.000006,4.000000,-0.443417,0.222276,0.005026,0.029728,-0.009229,-0.029815,-0.221141,-0.807153,-0.029951,0.034754
19:11:00.395,0.000005,4.000000,-0.576209,0.154305,0.008164,0.004296,-0.025763,-0.027445,-0.421904,-0.885748,0.004691,0.012460
19:11:00.673,0.000004,4.000000,-0.175988,-0.414061,0.001824,0.006695,-0.044171,-0.006847,-0.590049,0.288664,-0.005906,0.008519
19:11:00.868,0.000005,4.000000,0.463119,-0.863462,-0.009549,0.022105,-0.036797,0.019052,-0.400343,1.608479,-0.038380,0.012555
19:11:01.118,0.000006,4.000000,0.866593,-1.013513,-0.016540,0.027481,-0.021499,0.033779,-0.146920,2.279628,-0.053375,0.010941
19:11:01.368,0.000006,4.000000,0.933921,-0.987731,-0.017172,0.027371,-0.014050,0.036455,-0.053810,2.330003,-0.054009,0.010199
19:11:01.640,0.000005,4.000000,0.545925,-0.750364,-0.009715,0.020940,-0.022049,0.021432,-0.204440,1.571750,-0.037168,0.011225
19:11:01.922,0.000004,4.000000,0.197092,-0.580005,-0.003952,0.013346,-0.031556,0.008202,-0.382914,0.942230,-0.020974,0.009394
19:11:02.118,0.000004,4.000000,-0.148363,-0.265054,0.002773,0.011748,-0.027539,-0.006513,-0.413417,0.141488,-0.010882,0.014521
19:11:02.368,0.000004,4.000000,-0.551842,0.189482,0.009192,0.021310,-0.019557,-0.028296,-0.362359,-0.898855,-0.014693,0.030502
19:11:02.618,0.000005,4.000000,-0.267150,0.029431,0.002636,0.024178,-0.013165,-0.018075,-0.237719,-0.359605,-0.026119,0.026815
19:11:02.891,0.000006,4.000000,0.560185,-0.746296,-0.013750,0.014192,-0.017818,0.020850,-0.186112,1.584108,-0.033880,0.000443
19:11:03.168,0.000006,4.000000,0.911727,-1.300274,-0.018438,0.029543,-0.037740,0.036872,-0.388547,2.682051,-0.058176,0.011105
19:11:03.368,0.000005,4.000000,0.682137,-1.100648,-0.014219,0.027565,-0.039238,0.027928,-0.418510,2.161627,-0.050662,0.013346
19:11:03.618,0.000004,4.000000,0.412396,-0.587295,-0.009524,0.014303,-0.018068,0.016361,-0.174899,1.212125,-0.028891,0.004779
19:11:03.868,0.000004,4.000000,0.331780,-0.366199,-0.008099,0.010316,-0.006092,0.012085,-0.034419,0.846300,-0.022329,0.002218
19:11:04.141,0.000004,4.000000,0.276908,-0.408446,-0.006235,0.010765,-0.012805,0.010698,-0.131537,0.830992,-0.020613,0.004530
19:11:04.419,0.000004,4.000000,0.141325,-0.436230,-0.003400,0.009448,-0.024453,0.006288,-0.294905,0.700286,-0.015578,0.006049
19:11:04.618,0.000004,4.000000,-0.109587,-0.233132,0.000526,0.002306,-0.025899,-0.004134,-0.342719,0.149798,-0.002158,0.002832
19:11:04.868,0.000004,4.000000,-0.299035,0.078897,0.002708,-0.005196,-0.014765,-0.011974,-0.220138,-0.458243,0.009584,-0.002488
19:11:05.118,0.000004,4.000000,-0.160326,0.111826,-0.000377,-0.005293,-0.003038,-0.007608,-0.048500,-0.329985,0.005960,-0.005670
19:11:05.391,0.000004,4.000000,0.211462,-0.220701,-0.007155,0.004677,-0.003309,0.006270,-0.009239,0.523998,-0.014347,-0.002478
19:11:05.670,0.000004,4.000000,0.501859,-0.572930,-0.011980,0.013649,-0.011160,0.019354,-0.071072,1.303181,-0.031075,0.001668
19:11:05.868,0.000004,4.000000,0.620797,-0.693586,-0.013267,0.015852,-0.012657,0.024588,-0.072789,1.593689,-0.035307,0.002585
19:11:06.118,0.000004,4.000000,0.645723,-0.704634,-0.013109,0.017526,-0.011859,0.025351,-0.058911,1.637308,-0.037144,0.004417
19:11:06.368,0.000004,4.000000,0.644210,-0.713864,-0.013006,0.018510,-0.012381,0.025160,-0.069655,1.646665,-0.038213,0.005504
19:11:06.644,0.000004,4.000000,0.592603,-0.668942,-0.012319,0.017334,-0.012452,0.022763,-0.076339,1.529623,-0.035955,0.005015
19:11:06.923,0.000004,4.000000,0.459182,-0.516094,-0.010392,0.012700,-0.009393,0.017499,-0.056911,1.182522,-0.027999,0.002308
19:11:07.118,0.000004,4.000000,0.267483,-0.323394,-0.007081,0.007176,-0.007211,0.009507,-0.055911,0.716439,-0.017287,0.000095
19:11:07.368,0.000004,4.000000,0.113688,-0.198465,-0.004970,0.003287,-0.007744,0.002471,-0.084777,0.378485,-0.010012,-0.001683
19:11:07.618,0.000004,4.000000,0.098908,-0.222107,-0.004293,0.006839,-0.010336,0.002973,-0.123199,0.389230,-0.013498,0.002546
19:11:07.896,0.000004,4.000000,0.177817,-0.325544,-0.005642,0.008084,-0.012466,0.006852,-0.147728,0.610325,-0.016642,0.002441
19:11:08.175,0.000004,4.000000,0.281623,-0.445153,-0.006988,0.009651,-0.015400,0.010656,-0.163530,0.881215,-0.020176,0.002663
19:11:08.368,0.000004,4.000000,0.368560,-0.525580,-0.008111,0.012471,-0.015569,0.014574,-0.157020,1.084145,-0.024956,0.004360
19:11:08.618,0.000004,4.000000,0.420357,-0.550791,-0.008922,0.015366,-0.014926,0.016468,-0.130433,1.177517,-0.029449,0.006443
19:11:08.868,0.000004,4.000000,0.461919,-0.562641,-0.010550,0.016114,-0.013013,0.016482,-0.100721,1.242279,-0.032330,0.005565
19:11:09.140,0.000004,4.000000,0.497697,-0.567180,-0.011311,0.015159,-0.010888,0.018398,-0.069483,1.291164,-0.032095,0.003848
19:11:09.419,0.000004,4.000000,0.492592,-0.536758,-0.011691,0.012958,-0.009011,0.018586,-0.044166,1.248088,-0.029887,0.001266
19:11:09.618,0.000004,4.000000,0.461467,-0.502152,-0.010422,0.013006,-0.008358,0.016957,-0.040685,1.168389,-0.028405,0.002584
19:11:09.868,0.000004,4.000000,0.428428,-0.466628,-0.009206,0.010610,-0.007564,0.016026,-0.038200,1.085255,-0.024027,0.001404
19:11:10.118,0.000004,4.000000,0.419221,-0.454621,-0.009829,0.010932,-0.007536,0.014598,-0.035400,1.059534,-0.025173,0.001103
19:11:10.393,0.000004,4.000000,0.426697,-0.465029,-0.010077,0.011017,-0.008228,0.014426,-0.038332,1.081217,-0.025577,0.000940
19:11:10.668,0.000004,4.000000,0.456854,-0.506403,-0.010183,0.012029,-0.008485,0.016659,-0.049549,1.167949,-0.026932,0.001846
19:11:10.868,0.000004,4.000000,0.497048,-0.558362,-0.010849,0.013329,-0.010365,0.018282,-0.061314,1.279685,-0.029315,0.002480
19:11:11.118,0.000004,4.000000,0.536973,-0.601600,-0.011026,0.016258,-0.010951,0.020111,-0.064627,1.380520,-0.033082,0.005232
19:11:11.368,0.000004,4.000000,0.541909,-0.600862,-0.012015,0.016153,-0.010479,0.019825,-0.058953,1.385610,-0.034154,0.004138
19:11:11.644,0.000004,4.000000,0.513811,-0.567080,-0.011131,0.013435,-0.009523,0.018872,-0.053269,1.310581,-0.029787,0.002304
19:11:11.923,0.000004,4.000000,0.465682,-0.517623,-0.010763,0.010815,-0.008629,0.017817,-0.051941,1.192258,-0.026164,0.000052
19:11:12.118,0.000004,4.000000,0.419751,-0.471770,-0.009736,0.009099,-0.008248,0.016688,-0.052019,1.080969,-0.022837,-0.000637
19:11:12.368,0.000004,4.000000,0.382045,-0.439390,-0.009472,0.010140,-0.008244,0.014070,-0.057344,0.995990,-0.023780,0.000668
19:11:12.618,0.000004,4.000000,0.367236,-0.432120,-0.008853,0.009442,-0.008904,0.013096,-0.064884,0.969220,-0.022183,0.000590
19:11:12.895,0.000004,4.000000,0.355211,-0.421696,-0.008997,0.009392,-0.008899,0.012348,-0.066486,0.942000,-0.022297,0.000396
19:11:13.173,0.000004,4.000000,0.372607,-0.441720,-0.010037,0.009561,-0.009303,0.014301,-0.069113,0.987372,-0.023762,-0.000476
19:11:13.368,0.000004,4.000000,0.402234,-0.467430,-0.009809,0.009643,-0.009192,0.015051,-0.065196,1.054468,-0.023585,-0.000166
19:11:13.618,0.000004,4.000000,0.427893,-0.485134,-0.010386,0.011540,-0.009235,0.016569,-0.057242,1.107045,-0.026584,0.001154
19:11:13.868,0.000004,4.000000,0.444373,-0.495392,-0.010712,0.011088,-0.009033,0.016288,-0.051019,1.139465,-0.026433,0.000376
19:11:14.142,0.000004,4.000000,0.454424,-0.501381,-0.010326,0.009737,-0.008724,0.017624,-0.046957,1.158914,-0.024326,-0.000589
19:11:14.420,0.000004,4.000000,0.462133,-0.506778,-0.010719,0.010724,-0.008837,0.017919,-0.044645,1.174805,-0.026000,0.000006
19:11:14.618,0.000004,4.000000,0.464213,-0.508864,-0.010968,0.011884,-0.008879,0.018309,-0.044651,1.179856,-0.027709,0.000916
19:11:14.868,0.000004,4.000000,0.468539,-0.512562,-0.011313,0.011697,-0.008550,0.017389,-0.044023,1.189585,-0.027899,0.000384
19:11:15.118,0.000004,4.000000,0.474372,-0.517844,-0.011137,0.014220,-0.008323,0.017841,-0.043473,1.203062,-0.030745,0.003084
19:11:15.396,0.000004,4.000000,0.483145,-0.531019,-0.011449,0.015495,-0.008501,0.017465,-0.047874,1.229674,-0.032670,0.004046
19:11:15.671,0.000004,4.000000,0.496051,-0.550284,-0.011406,0.015269,-0.009430,0.017948,-0.054233,1.268681,-0.032343,0.003863
19:11:15.868,0.000004,4.000000,0.500846,-0.555370,-0.011054,0.013513,-0.009484,0.018361,-0.054524,1.280662,-0.029787,0.002460
19:11:16.118,0.000004,4.000000,0.496590,-0.551491,-0.010530,0.012359,-0.009877,0.019013,-0.054901,1.270798,-0.027752,0.001829
19:11:16.368,0.000004,4.000000,0.494351,-0.552755,-0.010730,0.012805,-0.009859,0.018505,-0.058404,1.269617,-0.028535,0.002075
19:11:16.641,0.000004,4.000000,0.476204,-0.535414,-0.010414,0.012081,-0.009694,0.017343,-0.059210,1.226587,-0.027275,0.001667
19:11:16.916,0.000004,4.000000,0.449060,-0.506711,-0.010167,0.012212,-0.009112,0.015746,-0.057651,1.158872,-0.027134,0.002045
19:11:17.118,0.000004,4.000000,0.425935,-0.478992,-0.009254,0.011671,-0.008329,0.015519,-0.053058,1.097224,-0.025371,0.002417
19:11:17.368,0.000004,4.000000,0.405620,-0.455242,-0.009195,0.012552,-0.008136,0.014677,-0.049621,1.043795,-0.026368,0.003356
19:11:17.618,0.000004,4.000000,0.398147,-0.448702,-0.009084,0.010705,-0.008247,0.014768,-0.050554,1.026804,-0.023994,0.001621
19:11:17.894,0.000004,4.000000,0.398728,-0.447362,-0.009137,0.010907,-0.008019,0.013562,-0.048635,1.025884,-0.024304,0.001770
19:11:18.170,0.000004,4.000000,0.408894,-0.458319,-0.009626,0.011541,-0.008061,0.013737,-0.049425,1.051495,-0.025665,0.001915
19:11:18.368,0.000004,4.000000,0.424604,-0.471678,-0.010170,0.012890,-0.007878,0.015373,-0.047074,1.086742,-0.027961,0.002720
19:11:18.618,0.000004,4.000000,0.442043,-0.485867,-0.010364,0.012761,-0.008150,0.015691,-0.043824,1.125091,-0.028039,0.002396
19:11:18.868,0.000004,4.000000,0.455901,-0.498366,-0.011022,0.013286,-0.008516,0.016663,-0.042465,1.157050,-0.029473,0.002263
19:11:19.139,0.000004,4.000000,0.464413,-0.507628,-0.011051,0.013744,-0.008471,0.016549,-0.043215,1.178599,-0.030064,0.002693
19:11:19.418,0.000004,4.000000,0.470326,-0.515096,-0.010750,0.011753,-0.008396,0.018275,-0.044770,1.194825,-0.027285,0.001003
19:11:19.618,0.000004,4.000000,0.479615,-0.526132,-0.011660,0.011741,-0.008925,0.017951,-0.046517,1.219468,-0.028374,0.000081
19:11:19.868,0.000004,4.000000,0.486283,-0.536856,-0.011441,0.013224,-0.009478,0.017889,-0.050572,1.240556,-0.029906,0.001783
19:11:20.118,0.000004,4.000000,0.496764,-0.548009,-0.011097,0.012543,-0.009315,0.017847,-0.051245,1.266788,-0.028664,0.001446
19:11:20.397,0.000004,4.000000,0.509588,-0.567632,-0.011620,0.014384,-0.009844,0.018882,-0.058044,1.306130,-0.031529,0.002764
19:11:20.675,0.000004,4.000000,0.516938,-0.584915,-0.011606,0.015551,-0.010666,0.019570,-0.067977,1.335997,-0.032928,0.003945
19:11:20.868,0.000004,4.000000,0.510888,-0.584777,-0.011076,0.014731,-0.011172,0.019091,-0.073890,1.328494,-0.031291,0.003655
19:11:21.118,0.000004,4.000000,0.500412,-0.567976,-0.010958,0.013476,-0.010326,0.019207,-0.067564,1.295420,-0.029626,0.002518
19:11:21.368,0.000004,4.000000,0.474881,-0.539173,-0.010579,0.013339,-0.009661,0.017222,-0.064293,1.229540,-0.029000,0.002760
19:11:21.644,0.000004,4.000000,0.438983,-0.487113,-0.009491,0.012504,-0.008469,0.015819,-0.048130,1.122891,-0.026669,0.003013
19:11:21.921,0.000004,4.000000,0.396817,-0.426854,-0.009615,0.012926,-0.006549,0.013730,-0.030037,0.998701,-0.027331,0.003311
19:11:22.118,0.000004,4.000000,0.363753,-0.381129,-0.009043,0.011166,-0.005554,0.011872,-0.017377,0.903169,-0.024504,0.002122
19:11:22.368,0.000004,4.000000,0.361011,-0.379409,-0.009230,0.010127,-0.005749,0.012039,-0.018397,0.897759,-0.023470,0.000897
19:11:22.618,0.000004,4.000000,0.378476,-0.408357,-0.009072,0.012187,-0.006895,0.012508,-0.029881,0.954035,-0.025776,0.003115
19:11:22.894,0.000004,4.000000,0.414413,-0.458162,-0.009517,0.012937,-0.008129,0.014659,-0.043750,1.057997,-0.027226,0.003420
19:11:23.174,0.000004,4.000000,0.461318,-0.520692,-0.010711,0.014051,-0.009540,0.016526,-0.059374,1.190686,-0.030023,0.003340
19:11:23.368,0.000004,4.000000,0.489902,-0.556588,-0.010722,0.014357,-0.010812,0.018233,-0.066687,1.268869,-0.030409,0.003635
19:11:23.618,0.000004,4.000000,0.510507,-0.585320,-0.011135,0.015312,-0.011294,0.018725,-0.074813,1.328690,-0.032068,0.004177
19:11:23.868,0.000003,4.000000,0.523589,-0.610967,-0.011362,0.014186,-0.012650,0.019993,-0.087377,1.375649,-0.030978,0.002824
19:11:24.141,0.000002,4.000000,0.525476,-0.622529,-0.011453,0.015305,-0.012963,0.020357,-0.097053,1.391956,-0.032444,0.003852
19:11:24.421,0.000003,4.000000,0.521303,-0.620043,-0.011489,0.015360,-0.012535,0.020068,-0.098741,1.383882,-0.032555,0.003871
19:11:24.618,0.000004,4.000000,0.485790,-0.576235,-0.010709,0.014797,-0.011809,0.018288,-0.090445,1.287705,-0.030926,0.004089
19:11:24.868,0.000004,4.000000,0.435906,-0.493340,-0.009960,0.014167,-0.008644,0.016401,-0.057434,1.126711,-0.029255,0.004207
19:11:25.118,0.000004,4.000000,0.366084,-0.384610,-0.009363,0.011557,-0.004830,0.012145,-0.018526,0.910217,-0.025365,0.002194
19:11:25.390,0.000004,4.000000,0.318070,-0.332559,-0.008319,0.009506,-0.004714,0.010517,-0.014488,0.788887,-0.021613,0.001187
19:11:25.669,0.000004,4.000000,0.341251,-0.377060,-0.008406,0.009767,-0.007292,0.012093,-0.035810,0.870952,-0.022034,0.001361
19:11:25.868,0.000004,4.000000,0.411602,-0.471460,-0.009778,0.012336,-0.009786,0.015736,-0.059858,1.070712,-0.026813,0.002558
19:11:26.118,0.000004,4.000000,0.476411,-0.544911,-0.010554,0.014029,-0.010864,0.018191,-0.068500,1.238353,-0.029807,0.003475
19:11:26.368,0.000004,4.000000,0.497742,-0.560861,-0.011167,0.014691,-0.010226,0.019162,-0.063119,1.283556,-0.031353,0.003523
19:11:26.618,0.000004,4.000000,0.477284,-0.536031,-0.010608,0.014944,-0.010154,0.017103,-0.058748,1.228645,-0.030982,0.004336
19:11:26.874,0.000004,4.000000,0.431550,-0.477830,-0.010762,0.012687,-0.008609,0.016412,-0.046280,1.102623,-0.028432,0.001925
19:11:27.175,0.000004,4.000000,0.329462,-0.345474,-0.008781,0.008744,-0.004951,0.013484,-0.016012,0.818360,-0.021249,-0.000037
19:11:27.368,0.000004,4.000000,0.181066,-0.160341,-0.005584,0.001593,-0.000596,0.006646,0.020726,0.413955,-0.008702,-0.003991
19:11:27.618,0.000004,4.000000,0.049618,-0.065024,-0.004271,-0.001302,-0.002265,0.001544,-0.015406,0.139005,-0.003601,-0.005573
19:11:27.868,0.000004,4.000000,0.088409,-0.192542,-0.003975,0.003677,-0.009441,0.003637,-0.104133,0.340653,-0.009278,-0.000299
19:11:28.157,0.000004,4.000000,0.287464,-0.454630,-0.007255,0.013064,-0.016451,0.011187,-0.167166,0.899789,-0.024636,0.005809
19:11:28.368,0.000004,4.000000,0.522077,-0.669836,-0.010828,0.018587,-0.017357,0.020357,-0.147759,1.445194,-0.035665,0.007759
19:11:28.618,0.000004,4.000000,0.654274,-0.771717,-0.013699,0.020537,-0.016379,0.026196,-0.117443,1.729015,-0.041511,0.006839
19:11:28.868,0.000004,4.000000,0.656346,-0.749683,-0.012566,0.020158,-0.013601,0.025922,-0.093337,1.704811,-0.039679,0.007592
19:11:29.144,0.000004,4.000000,0.529848,-0.649136,-0.010390,0.017904,-0.014175,0.020984,-0.119288,1.429518,-0.034306,0.007514
19:11:29.420,0.000004,4.000000,0.244373,-0.389326,-0.006889,0.010145,-0.011867,0.008110,-0.144953,0.768361,-0.020653,0.003256
19:11:29.618,0.000004,4.000000,-0.321961,0.130376,0.003160,-0.009751,-0.010036,-0.013344,-0.191586,-0.548459,0.015655,-0.006592
