Time,Pitch_position,Yaw_position,Normal1,Normal2,Side1,Side2,Axial,Roll,Normal,Side,Pitch,Yaw
hh:mm:ss.ms,degree,degree,lb,lb,lb,lb,lb,in-lb,lb,lb,in-lb,in-lb
19:51:58.127,-0.000006,4.000000,-2.740259,2.168262,0.404547,-14.523157,0.022106,4.345238,-0.571997,-5.951581,18.099841,-14.118609
19:51:58.319,-0.000006,4.000000,-2.736455,2.164389,0.403929,-14.522438,0.021444,4.360085,-0.572066,-5.942273,18.098220,-14.118509
19:51:58.569,-0.000006,4.000000,-2.726621,2.153660,0.403140,-14.522588,0.021540,4.348460,-0.572961,-5.917341,18.097445,-14.119448
19:51:58.819,-0.000006,4.000000,-2.727794,2.155531,0.405569,-14.520903,0.021473,4.357357,-0.572263,-5.921031,18.098348,-14.115334
19:51:59.091,-0.000006,4.000000,-2.725985,2.151030,0.402070,-14.518830,0.021364,4.348848,-0.574956,-5.913380,18.091591,-14.116759
19:51:59.369,-0.000006,4.000000,-2.727686,2.151423,0.404479,-14.519809,0.021525,4.356216,-0.576263,-5.915920,18.095699,-14.115330
19:51:59.569,-0.000006,4.000000,-2.719267,2.139656,0.403709,-14.519555,0.021214,4.350766,-0.579610,-5.891444,18.094457,-14.115846
19:51:59.819,-0.000006,4.000000,-2.721032,2.140739,0.402201,-14.520874,0.020765,4.356541,-0.580293,-5.894898,18.094228,-14.118673
19:52:00.069,-0.000006,4.000000,-2.714082,2.136833,0.404161,-14.519476,0.021333,4.351221,-0.577249,-5.881734,18.094910,-14.115315
19:52:00.346,-0.000005,4.000000,-2.722590,2.145984,0.403806,-14.521384,0.021524,4.356180,-0.576607,-5.903146,18.096793,-14.117578
19:52:00.620,-0.000004,4.000000,-2.727701,2.154810,0.402125,-14.519865,0.021772,4.352491,-0.572892,-5.920045,18.092913,-14.117740
19:52:00.819,-0.000004,4.000000,-2.741641,2.171384,0.405018,-14.521294,0.022313,4.353595,-0.570256,-5.957043,18.098154,-14.116276
19:52:01.069,-0.000004,4.000000,-2.748749,2.183451,0.404609,-14.521575,0.022627,4.353504,-0.565298,-5.980292,18.097997,-14.116966
19:52:01.319,-0.000004,4.000000,-2.761891,2.202669,0.403489,-14.522216,0.023019,4.351719,-0.559223,-6.019529,18.097417,-14.118727
19:52:01.594,-0.000004,4.000000,-2.770986,2.211746,0.405740,-14.523507,0.022906,4.354758,-0.559239,-6.041562,18.101712,-14.117768
19:52:01.875,-0.000004,4.000000,-2.768147,2.209192,0.403610,-14.524824,0.023227,4.349550,-0.558956,-6.035023,18.100726,-14.121214
19:52:02.069,-0.000004,4.000000,-2.764605,2.201571,0.403738,-14.522767,0.022529,4.356367,-0.563034,-6.021489,18.098387,-14.119029
19:52:02.319,-0.000004,4.000000,-2.751024,2.184061,0.405307,-14.520139,0.022197,4.347737,-0.566963,-5.983791,18.097104,-14.114831
19:52:02.569,-0.000004,4.000000,-2.742311,2.171905,0.403302,-14.521211,0.021676,4.357310,-0.570406,-5.958487,18.095972,-14.117909
19:52:02.841,-0.000004,4.000000,-2.732654,2.161675,0.402366,-14.520164,0.021488,4.348323,-0.570979,-5.934373,18.093568,-14.117798
19:52:03.120,-0.000004,4.000000,-2.731219,2.157882,0.405382,-14.518784,0.021378,4.357654,-0.573337,-5.928036,18.095552,-14.113402
19:52:03.319,-0.000004,4.000000,-2.723481,2.149609,0.402009,-14.522348,0.021559,4.349452,-0.573872,-5.908622,18.095783,-14.120339
19:52:03.569,-0.000004,4.000000,-2.726443,2.152011,0.404288,-14.522804,0.021022,4.358949,-0.574433,-5.915125,18.099098,-14.118516
19:52:03.819,-0.000003,4.000000,-2.720159,2.144181,0.403808,-14.522182,0.021525,4.347713,-0.575977,-5.898012,18.097762,-14.118374
19:52:04.090,-0.000003,4.000000,-2.720787,2.144428,0.403443,-14.521570,0.020851,4.358994,-0.576359,-5.899072,18.096579,-14.118127
19:52:04.366,-0.000003,4.000000,-2.712589,2.134194,0.403797,-14.519819,0.021035,4.349674,-0.578395,-5.876725,18.094884,-14.116023
19:52:04.569,-0.000003,4.000000,-2.708213,2.125608,0.404005,-14.519298,0.020879,4.358262,-0.582605,-5.861009,18.094505,-14.115293
19:52:04.819,-0.000004,4.000000,-2.701993,2.117973,0.401989,-14.520748,0.020554,4.350094,-0.584020,-5.844209,18.093818,-14.118759
19:52:05.069,-0.000003,4.000000,-2.711338,2.129094,0.404124,-14.520773,0.020527,4.358323,-0.582244,-5.869024,18.096437,-14.116649
19:52:05.336,-0.000003,4.000000,-2.726407,2.152611,0.403413,-14.521672,0.021803,4.349336,-0.573796,-5.915810,18.096666,-14.118259
19:52:05.619,-0.000002,4.000000,-2.742215,2.177850,0.403159,-14.524034,0.022177,4.356327,-0.564365,-5.965579,18.099221,-14.120875
19:52:05.819,-0.000002,4.000000,-2.766075,2.210035,0.404439,-14.524135,0.023396,4.349280,-0.556040,-6.033534,18.100896,-14.119696
19:52:06.069,-0.000002,4.000000,-2.779870,2.231240,0.404423,-14.525083,0.023688,4.354561,-0.548630,-6.075971,18.102026,-14.120660
19:52:06.319,-0.000002,4.000000,-2.781802,2.231436,0.403509,-14.523266,0.024077,4.347878,-0.550365,-6.078551,18.098715,-14.119756
19:52:06.589,-0.000002,4.000000,-2.767248,2.208352,0.404947,-14.521770,0.022949,4.354647,-0.558896,-6.032916,18.098644,-14.116823
19:52:06.865,-0.000002,4.000000,-2.746903,2.174616,0.403051,-14.522517,0.022091,4.350077,-0.572286,-5.967342,18.097252,-14.119466
19:52:07.069,-0.000002,4.000000,-2.730607,2.149265,0.403492,-14.522379,0.020961,4.355733,-0.581342,-5.916846,18.097619,-14.118887
19:52:07.319,-0.000002,4.000000,-2.711441,2.126136,0.403424,-14.521752,0.020536,4.351770,-0.585305,-5.865562,18.096776,-14.118327
19:52:07.572,-0.000002,4.000000,-2.702462,2.113737,0.403467,-14.520106,0.020206,4.355775,-0.588725,-5.839641,18.094833,-14.116639
19:52:07.849,-0.000002,4.000000,-2.696553,2.103553,0.402856,-14.520456,0.019729,4.352982,-0.592999,-5.820129,18.094515,-14.117600
19:52:08.126,-0.000002,4.000000,-2.692334,2.093971,0.403296,-14.519160,0.019705,4.356407,-0.598362,-5.803395,18.093478,-14.115865
19:52:08.318,-0.000002,4.000000,-2.696243,2.100081,0.402678,-14.519844,0.020081,4.354486,-0.596162,-5.815544,18.093558,-14.117166
19:52:08.568,-0.000002,4.000000,-0.013284,0.029497,0.001119,-0.001124,0.001241,-0.002152,0.016213,-0.051871,0.002719,-0.000005
19:52:08.818,-0.000002,4.000000,-0.043686,0.076957,0.000603,-0.001150,0.002724,-0.002412,0.033271,-0.146280,0.002125,-0.000547
19:52:09.092,-0.000002,4.000000,-0.019816,0.041637,0.000868,-0.000113,0.001419,-0.002864,0.021821,-0.074512,0.001190,0.000755
19:52:09.369,-0.000002,4.000000,-0.021583,0.035503,0.001110,0.000390,0.000548,0.000514,0.013920,-0.069217,0.000873,0.001500
19:52:09.568,-0.000002,4.000000,-0.005575,0.011524,-0.000210,0.000386,-0.000458,-0.000778,0.005948,-0.020733,-0.000722,0.000176
19:52:09.818,-0.000002,4.000000,0.010701,-0.007352,0.000717,0.000279,-0.000551,0.002820,0.003349,0.021888,0.000530,0.000996
19:52:10.068,-0.000001,4.000000,0.012224,-0.008101,-0.000178,0.002646,-0.000556,0.001132,0.004123,0.024644,-0.003424,0.002468
19:52:10.361,-0.000000,4.000000,-0.019290,0.040190,0.000077,-0.002985,0.001181,0.002290,0.020900,-0.072119,0.003712,-0.002907
19:52:10.568,0.000000,4.000000,-0.029525,0.051841,0.001095,-0.002997,0.001349,-0.002531,0.022316,-0.098656,0.004961,-0.001902
19:52:10.818,0.000000,4.000000,-0.070237,0.109302,0.001850,-0.003975,0.003274,-0.000792,0.039065,-0.217692,0.007064,-0.002125
19:52:11.068,0.000000,4.000000,-0.082905,0.128071,0.001101,-0.003490,0.003969,-0.006395,0.045166,-0.255809,0.005566,-0.002389
19:52:11.338,0.000000,4.000000,-0.151214,0.192624,0.003177,-0.003761,0.004269,-0.006115,0.041410,-0.416905,0.008412,-0.000584
19:52:11.614,0.000000,4.000000,-0.095297,0.107976,0.001459,-0.004035,0.001059,-0.005297,0.012680,-0.246469,0.006661,-0.002576
19:52:11.818,0.000000,4.000000,-0.033720,0.029935,0.000978,-0.001427,-0.000557,0.000907,-0.003784,-0.077181,0.002917,-0.000449
19:52:12.068,0.000000,4.000000,0.019067,-0.033759,0.000346,-0.000108,-0.001846,-0.001048,-0.014692,0.064051,0.000551,0.000239
19:52:12.318,0.000000,4.000000,0.047182,-0.068312,-0.000093,0.002341,-0.002925,0.003117,-0.021130,0.140036,-0.002951,0.002249
19:52:12.586,0.000000,4.000000,0.097814,-0.135877,-0.000922,0.003855,-0.003881,0.005625,-0.038062,0.283351,-0.005792,0.002933
19:52:12.860,0.000000,4.000000,0.043330,-0.063092,0.000039,0.002732,-0.001846,0.003469,-0.019763,0.129037,-0.003266,0.002771
19:52:13.069,0.000000,4.000000,-0.031697,0.017819,0.000963,-0.000713,-0.000386,-0.001871,-0.013879,-0.060038,0.002032,0.000250
19:52:13.319,0.000000,4.000000,-0.324889,0.341351,0.005416,-0.008423,0.004889,-0.013126,0.016462,-0.807816,0.016780,-0.003006
19:52:13.570,0.000000,4.000000,-0.342424,0.357359,0.006593,-0.009176,0.004686,-0.014392,0.014935,-0.848486,0.019120,-0.002583
19:52:13.846,0.000000,4.000000,-0.661021,0.494506,0.011956,-0.012201,-0.006811,-0.026937,-0.166514,-1.401077,0.029291,-0.000245
19:52:14.127,0.000000,4.000000,-0.247318,0.214480,0.004674,-0.004488,-0.000765,-0.010499,-0.032838,-0.559930,0.011108,0.000186
19:52:14.319,0.000000,4.000000,-0.093302,0.040236,0.002807,0.000177,-0.004354,-0.002362,-0.053066,-0.161914,0.003189,0.002984
19:52:14.569,0.000000,4.000000,0.077847,-0.103824,-0.000946,0.003776,-0.003858,0.003033,-0.025978,0.220276,-0.005724,0.002830
19:52:14.819,0.000000,4.000000,0.059954,-0.071559,-0.000467,0.003739,-0.002403,0.002214,-0.011604,0.159460,-0.005101,0.003272
19:52:15.089,0.000000,4.000000,0.118977,-0.142892,-0.001884,0.004744,-0.004599,0.004302,-0.023915,0.317516,-0.008036,0.002860
19:52:15.366,0.000000,4.000000,0.058403,-0.067374,-0.001239,0.001283,-0.001999,0.003811,-0.008972,0.152504,-0.003059,0.000044
19:52:15.569,0.000000,4.000000,-0.009666,0.002891,0.001177,-0.001063,-0.000673,0.001306,-0.006776,-0.015225,0.002716,0.000114
19:52:15.819,0.000000,4.000000,-0.111004,0.151461,0.001790,-0.004948,0.004315,-0.004613,0.040457,-0.318239,0.008170,-0.003158
19:52:16.069,0.000000,4.000000,-0.161783,0.188394,0.002099,0.005032,0.003575,-0.009385,0.026612,-0.424590,-0.003556,0.007130
19:52:16.335,0.000000,4.000000,0.015188,-0.183818,0.000789,0.000173,-0.012734,0.001902,-0.168630,0.241295,0.000747,0.000962
19:52:16.569,0.000000,4.000000,-0.112664,0.048528,0.002281,-0.002392,-0.004687,-0.003205,-0.064135,-0.195446,0.005666,-0.000112
19:52:16.819,0.000000,4.000000,0.001529,-0.022571,0.000585,0.000957,-0.002700,0.000563,-0.021042,0.029222,-0.000451,0.001543
19:52:17.078,0.000000,4.000000,0.090189,-0.139053,-0.000670,0.004271,-0.005694,0.005113,-0.048864,0.277956,-0.005991,0.003601
19:52:17.354,0.000000,4.000000,0.165761,-0.241975,-0.002681,0.006409,-0.008663,0.006788,-0.076214,0.494380,-0.011022,0.003728
19:52:17.627,0.000000,4.000000,0.055731,-0.106010,-0.000564,0.002339,-0.005875,0.002107,-0.050279,0.196112,-0.003520,0.001776
19:52:17.819,0.000000,4.000000,-0.062729,0.038809,0.002404,-0.001316,-0.001424,-0.003350,-0.023920,-0.123116,0.004511,0.001088
19:52:18.069,0.000000,4.000000,-0.430855,0.387696,0.008081,-0.010464,0.001135,-0.015314,-0.043159,-0.992492,0.022486,-0.002384
19:52:18.319,0.000000,4.000000,-0.793837,0.752627,0.014265,-0.021587,0.005154,-0.031793,-0.041210,-1.875088,0.043470,-0.007322
19:52:18.591,0.000000,4.000000,-0.915505,0.769348,0.017375,-0.021162,-0.002144,-0.035749,-0.146158,-2.042885,0.046726,-0.003786
19:52:18.870,0.000000,4.000000,-0.620653,0.533980,0.011906,-0.014474,0.000060,-0.023380,-0.086674,-1.399992,0.031986,-0.002567
19:52:19.069,0.000000,4.000000,-0.511015,0.292898,0.011008,-0.007916,-0.012902,-0.019502,-0.218117,-0.974744,0.022945,0.003091
19:52:19.319,0.000000,4.000000,-0.028933,-0.045768,0.001756,0.000400,-0.006301,-0.001087,-0.074701,0.020413,0.001644,0.002156
19:52:19.569,0.000000,4.000000,0.066392,-0.079739,-0.001617,0.001420,-0.002936,0.003181,-0.013347,0.177185,-0.003682,-0.000197
19:52:19.819,0.000000,4.000000,0.172805,-0.231729,-0.002888,0.005262,-0.008033,0.006103,-0.058924,0.490498,-0.009881,0.002374
19:52:20.069,0.000000,4.000000,0.081448,-0.123063,-0.000091,0.001762,-0.005714,0.005284,-0.041615,0.247969,-0.002246,0.001671
19:52:20.339,0.000000,4.000000,0.046254,-0.109027,-0.001054,0.000360,-0.005842,0.002195,-0.062773,0.188277,-0.001714,-0.000694
19:52:20.618,0.000000,4.000000,-0.001046,-0.051386,0.001486,-0.001559,-0.003665,0.002201,-0.052432,0.061037,0.003693,-0.000073
19:52:20.819,0.000000,4.000000,-0.113107,0.095499,0.002312,0.001674,0.000101,-0.006911,-0.017607,-0.252935,0.000773,0.003986
19:52:21.069,0.000000,4.000000,-0.142044,0.094723,0.002897,0.001468,-0.002319,-0.005441,-0.047321,-0.287079,0.001732,0.004365
19:52:21.319,0.000001,4.000000,-0.042812,0.015058,0.001159,0.000559,-0.001675,-0.000840,-0.027754,-0.070167,0.000728,0.001718
19:52:21.587,0.000002,4.000000,-0.030191,-0.033861,0.001398,-0.000130,-0.005436,0.000878,-0.064052,0.004450,0.001852,0.001268
19:52:21.866,0.000002,4.000000,0.089042,-0.110374,-0.001785,0.004191,-0.003542,0.002900,-0.021332,0.241792,-0.007246,0.002406
19:52:22.069,0.000001,4.000000,0.144825,-0.211690,-0.002325,0.004948,-0.008213,0.006437,-0.066865,0.432275,-0.008819,0.002623
19:52:22.319,0.000000,4.000000,0.148837,-0.224126,-0.002755,0.004367,-0.009729,0.006220,-0.075289,0.452217,-0.008635,0.001612
19:52:22.569,0.000000,4.000000,-0.019551,0.016064,0.000301,-0.000386,-0.001240,-0.001025,-0.003488,-0.043183,0.000833,-0.000086
19:52:22.819,0.000000,4.000000,-0.329071,0.248094,0.007256,-0.008810,-0.004287,-0.012673,-0.080977,-0.699813,0.019480,-0.001554
19:52:23.069,0.000000,4.000000,-0.478175,0.325937,0.009416,-0.011316,-0.007495,-0.017417,-0.152238,-0.974986,0.025138,-0.001899
19:52:23.322,0.000000,4.000000,-0.429012,0.266754,0.009631,-0.009271,-0.007578,-0.014821,-0.162258,-0.843616,0.022918,0.000361
19:52:23.598,0.000000,4.000000,-0.517499,0.359034,0.011570,-0.012832,-0.006302,-0.018537,-0.158465,-1.062797,0.029588,-0.001261
19:52:23.819,0.000000,4.000000,-0.246959,0.220771,0.004663,-0.006731,0.000207,-0.009022,-0.026188,-0.567123,0.013815,-0.002069
19:52:24.069,0.000000,4.000000,-0.246290,0.287254,0.004481,-0.007523,0.005274,-0.009753,0.040964,-0.646921,0.014555,-0.003042
19:52:24.326,0.000000,4.000000,-0.122652,0.181355,0.001890,-0.004451,0.005100,-0.004876,0.058704,-0.368608,0.007688,-0.002561
19:52:24.609,0.000000,4.000000,0.010368,-0.016538,-0.000142,-0.001354,-0.001396,0.000839,-0.006171,0.032623,0.001470,-0.001497
19:52:24.819,0.000000,4.000000,0.022067,-0.044952,-0.000470,0.000380,-0.003485,0.001092,-0.022885,0.081261,-0.001031,-0.000089
19:52:25.068,0.000000,4.000000,-0.008152,-0.000406,0.000372,-0.000645,-0.002361,0.000895,-0.008557,-0.009392,0.001233,-0.000273
19:52:25.359,0.000000,4.000000,-0.086840,0.083671,0.001158,-0.004215,-0.000732,-0.001556,-0.003169,-0.206744,0.006514,-0.003057
19:52:25.568,0.000000,4.000000,-0.096332,0.105780,0.001347,-0.004694,0.000530,-0.003177,0.009449,-0.245061,0.007325,-0.003348
19:52:25.818,0.000001,4.000000,-0.050062,0.057418,0.001191,-0.003216,0.000110,-0.001551,0.007356,-0.130320,0.005343,-0.002024
19:52:26.068,0.000002,4.000000,-0.083691,0.100508,0.001349,-0.003623,0.001414,-0.003475,0.016817,-0.223342,0.006029,-0.002274
19:52:26.330,0.000001,4.000000,-0.020163,0.019058,-0.000147,0.000674,-0.000877,-0.000696,-0.001105,-0.047556,-0.000995,0.000527
19:52:26.607,0.000000,4.000000,-0.016786,0.020729,-0.000114,0.000873,-0.000663,-0.001324,0.003942,-0.045487,-0.001196,0.000759
19:52:26.818,0.000000,4.000000,0.005459,-0.014143,0.000233,-0.000183,-0.001766,0.001519,-0.008684,0.023767,0.000505,0.000050
19:52:27.068,0.000000,4.000000,0.001854,-0.006199,-0.001355,-0.000041,-0.001593,-0.000242,-0.004345,0.009763,-0.001592,-0.001396
19:52:27.318,0.000000,4.000000,-0.001287,-0.005298,0.000089,-0.000550,-0.001850,0.000514,-0.006584,0.004863,0.000775,-0.000460
19:52:27.585,0.000000,4.000000,-0.007218,0.004005,-0.000604,-0.000418,-0.001451,-0.001000,-0.003213,-0.013607,-0.000226,-0.001022
19:52:27.860,0.000000,4.000000,-0.016517,0.010888,-0.000565,0.000272,-0.001251,-0.000538,-0.005629,-0.033229,-0.001015,-0.000294
19:52:28.068,0.000000,4.000000,-0.027643,0.014480,-0.000239,-0.000281,-0.001485,-0.001284,-0.013163,-0.051074,0.000051,-0.000519
19:52:28.318,0.000000,4.000000,-0.008740,0.001886,-0.000645,0.000665,-0.001268,0.000371,-0.006853,-0.012884,-0.001588,0.000020
19:52:28.568,0.000000,4.000000,-0.020414,0.007710,0.000183,-0.000687,-0.001134,-0.000649,-0.012704,-0.034101,0.001055,-0.000504
19:52:28.835,0.000000,4.000000,-0.002459,-0.002605,-0.000583,0.001792,-0.001455,-0.000454,-0.005063,0.000177,-0.002879,0.001209
19:52:29.111,0.000000,4.000000,-0.012430,0.007198,-0.000222,0.000737,-0.001401,-0.000096,-0.005233,-0.023799,-0.001162,0.000515
19:52:29.318,0.000000,4.000000,-0.000103,-0.006157,-0.000825,0.002138,-0.001878,0.000045,-0.006260,0.007341,-0.003593,0.001313
19:52:29.568,0.000000,4.000000,0.008980,-0.014727,-0.001108,0.000208,-0.001827,-0.000197,-0.005747,0.028744,-0.001596,-0.000900
19:52:29.818,0.000000,4.000000,0.011889,-0.019696,-0.000476,0.000650,-0.001901,0.001460,-0.007807,0.038297,-0.001366,0.000174
19:52:30.087,0.000000,4.000000,-0.005534,0.000394,-0.000245,-0.001693,-0.001935,0.000457,-0.005140,-0.007187,0.001756,-0.001938
19:52:30.363,0.000000,4.000000,-0.004394,0.004220,0.000137,-0.000815,-0.001153,0.000472,-0.000174,-0.010444,0.001154,-0.000678
19:52:30.569,0.000000,4.000000,-0.016244,0.014223,0.000924,-0.000939,-0.001188,-0.000492,-0.002021,-0.036941,0.002259,-0.000014
19:52:30.819,0.000000,4.000000,-0.019750,0.020782,0.000128,-0.001717,-0.000741,-0.000317,0.001032,-0.049145,0.002237,-0.001588
19:52:31.069,0.000000,4.000000,-0.018933,0.018409,0.000878,-0.001492,-0.000828,-0.001652,-0.000524,-0.045277,0.002874,-0.000613
19:52:31.344,0.000000,4.000000,-0.005525,0.000376,0.000787,0.000605,-0.001777,0.000749,-0.005149,-0.007154,0.000220,0.001392
19:52:31.617,0.000000,4.000000,-0.012756,0.010345,0.000422,-0.000273,-0.000999,-0.000225,-0.002411,-0.028009,0.000842,0.000149
19:52:31.819,0.000000,4.000000,-0.000891,-0.005261,-0.000329,0.000799,-0.001378,-0.000332,-0.006152,0.005299,-0.001368,0.000470
19:52:32.069,0.000000,4.000000,0.007875,-0.015709,0.000129,0.002376,-0.001530,-0.000392,-0.007834,0.028595,-0.002724,0.002505
19:52:32.319,0.000000,4.000000,0.010763,-0.017745,0.000347,0.001018,-0.001812,0.000421,-0.006982,0.034566,-0.000813,0.001365
19:52:32.592,0.000000,4.000000,0.013856,-0.022122,0.000326,0.002080,-0.001958,0.000753,-0.008266,0.043624,-0.002126,0.002406
19:52:32.865,0.000000,4.000000,0.012374,-0.020963,0.000036,0.001293,-0.002138,0.000683,-0.008589,0.040420,-0.001525,0.001329
19:52:33.069,0.000000,4.000000,0.013883,-0.019535,0.000464,0.003631,-0.001766,0.001314,-0.005652,0.040519,-0.003840,0.004095
19:52:33.319,0.000000,4.000000,0.011163,-0.016251,-0.000149,0.003265,-0.001392,0.000243,-0.005089,0.033239,-0.004139,0.003115
19:52:33.569,0.000000,4.000000,0.015306,-0.021646,-0.000134,0.001863,-0.001521,0.000964,-0.006341,0.044804,-0.002421,0.001729
19:52:33.834,0.000000,4.000000,0.023783,-0.032965,-0.000011,0.001215,-0.002340,0.000340,-0.009182,0.068806,-0.001487,0.001204
19:52:34.110,0.000000,4.000000,0.010673,-0.015329,-0.000409,0.002852,-0.001932,0.000873,-0.004657,0.031528,-0.003955,0.002443
19:52:34.319,0.000000,4.000000,0.016730,-0.025345,0.000008,0.002502,-0.001953,0.000175,-0.008615,0.051015,-0.003023,0.002510
19:52:34.569,0.000000,4.000000,0.001502,-0.008856,0.000648,0.001195,-0.002244,0.001084,-0.007354,0.012559,-0.000663,0.001843
19:52:34.819,0.000000,4.000000,-0.003453,-0.001780,-0.000322,0.001770,-0.001746,-0.000905,-0.005233,-0.002028,-0.002537,0.001448
19:52:35.084,0.000000,4.000000,-0.014596,0.005692,0.000392,-0.000340,-0.002049,0.001115,-0.008904,-0.024600,0.000887,0.000052
19:52:35.360,0.000000,4.000000,-0.019552,0.015498,-0.000253,-0.000833,-0.001228,-0.001170,-0.004054,-0.042497,0.000703,-0.001086
19:52:35.569,0.000000,4.000000,-0.021996,0.019329,0.000456,0.001239,-0.001582,-0.000958,-0.002667,-0.050107,-0.000949,0.001695
19:52:35.819,0.000000,4.000000,-0.013240,0.004602,-0.000425,0.000169,-0.001693,0.000422,-0.008638,-0.021634,-0.000720,-0.000255
19:52:36.069,0.000000,4.000000,-0.014852,0.008534,0.000186,-0.000067,-0.001736,-0.000065,-0.006318,-0.028356,0.000307,0.000119
19:52:36.341,0.000000,4.000000,0.008786,-0.018411,0.000010,0.001642,-0.002226,0.001215,-0.009626,0.032976,-0.001979,0.001652
19:52:36.616,0.000000,4.000000,0.021804,-0.034664,-0.000691,0.002179,-0.002583,0.002008,-0.012860,0.068467,-0.003479,0.001488
19:52:36.819,0.000000,4.000000,0.018621,-0.027792,0.000001,0.002203,-0.001958,0.001079,-0.009170,0.056276,-0.002670,0.002205
19:52:37.069,0.000000,4.000000,0.026272,-0.040411,-0.000096,0.002069,-0.002712,0.002120,-0.014139,0.080853,-0.002625,0.001972
19:52:37.319,0.000000,4.000000,0.015743,-0.022035,-0.000052,0.001502,-0.002056,0.001053,-0.006292,0.045806,-0.001884,0.001450
19:52:37.591,0.000000,4.000000,-0.011401,0.017574,-0.000283,-0.000727,-0.000693,-0.000460,0.006172,-0.035132,0.000538,-0.001010
19:52:37.863,0.000000,4.000000,0.006620,-0.007143,-0.000806,0.001154,-0.001476,0.000013,-0.000524,0.016687,-0.002377,0.000348
19:52:38.069,0.000000,4.000000,0.003223,-0.004094,0.000119,0.001364,-0.001335,0.000949,-0.000871,0.008871,-0.001510,0.001482
19:52:38.319,0.000000,4.000000,0.017138,-0.025790,0.000062,0.002030,-0.002261,0.000605,-0.008652,0.052051,-0.002385,0.002092
19:52:38.623,0.000000,4.000000,0.017081,-0.022624,-0.000041,0.000614,-0.002292,0.001586,-0.005543,0.048142,-0.000794,0.000573
19:52:38.819,0.000000,4.000000,0.026363,-0.036896,-0.001000,0.000431,-0.002484,0.000985,-0.010533,0.076701,-0.001735,-0.000568
19:52:39.069,0.000000,4.000000,0.023586,-0.039452,-0.000164,0.003070,-0.002863,0.001293,-0.015866,0.076434,-0.003921,0.002905
19:52:39.319,0.000000,4.000000,0.004136,-0.021049,0.000415,0.001956,-0.002409,0.000502,-0.016914,0.030537,-0.001869,0.002372
19:52:39.588,0.000000,4.000000,-0.008177,-0.014134,0.000741,0.001739,-0.003051,0.000297,-0.022311,0.007223,-0.001210,0.002480
19:52:39.866,0.000000,4.000000,-0.020161,0.000348,0.000332,0.000179,-0.003066,-0.001099,-0.019812,-0.024867,0.000186,0.000510
19:52:40.069,0.000000,4.000000,-0.099504,0.071196,0.001254,-0.002328,-0.001842,-0.003569,-0.028308,-0.206973,0.004343,-0.001074
19:52:40.319,0.000000,4.000000,-0.089731,0.085092,0.001547,-0.001461,-0.000641,-0.003844,-0.004639,-0.211973,0.003648,0.000086
19:52:40.569,0.000000,4.000000,-0.073049,0.073829,0.000706,-0.000368,-0.000410,-0.002564,0.000780,-0.178089,0.001302,0.000338
19:52:40.843,0.000000,4.000000,-0.110399,0.130525,0.001018,-0.002239,0.001346,-0.005620,0.020126,-0.292121,0.003949,-0.001220
19:52:41.119,0.000000,4.000000,-0.030968,0.032331,0.000414,-0.000456,-0.000915,-0.001434,0.001364,-0.076750,0.001054,-0.000042
19:52:41.319,0.000000,4.000000,0.027819,-0.045085,-0.000607,0.000846,-0.002949,0.001337,-0.017266,0.088395,-0.001762,0.000238
19:52:41.569,0.000000,4.000000,0.040263,-0.061265,-0.000629,0.001977,-0.003454,0.002093,-0.021002,0.123102,-0.003159,0.001348
19:52:41.826,0.000000,4.000000,0.065470,-0.095289,-0.000455,0.001417,-0.004187,0.003386,-0.029819,0.194920,-0.002269,0.000962
19:52:42.103,0.000000,4.000000,0.036953,-0.054457,-0.000672,0.001387,-0.003284,0.002305,-0.017504,0.110836,-0.002497,0.000714
19:52:42.378,0.000000,4.000000,0.015052,-0.018504,-0.000462,-0.000179,-0.001677,0.001579,-0.003452,0.040687,-0.000343,-0.000641
19:52:42.568,0.000000,4.000000,-0.034201,0.059231,0.001163,-0.001806,0.000901,-0.001531,0.025031,-0.113287,0.003600,-0.000643
19:52:42.818,0.000000,4.000000,-0.061834,0.089755,0.001587,-0.003577,0.001480,-0.002142,0.027920,-0.183801,0.006261,-0.001990
19:52:43.068,0.000000,4.000000,-0.142903,0.173025,0.001554,-0.004975,0.002119,-0.005544,0.030122,-0.383063,0.007917,-0.003421
19:52:43.338,0.000000,4.000000,-0.205460,0.202249,0.004976,-0.006224,-0.000136,-0.008243,-0.003211,-0.494347,0.013580,-0.001248
19:52:43.615,0.000000,4.000000,-0.056050,0.032567,0.000581,-0.001450,-0.003003,-0.001649,-0.023483,-0.107447,0.002463,-0.000869
19:52:43.818,0.000000,4.000000,0.037088,-0.092680,-0.000389,0.002354,-0.005403,0.001125,-0.055592,0.157344,-0.003327,0.001965
19:52:44.068,0.000000,4.000000,0.046877,-0.096333,-0.000141,0.002531,-0.005436,0.002461,-0.049456,0.173642,-0.003241,0.002390
19:52:44.318,0.000000,4.000000,0.004154,-0.067537,0.000283,0.001268,-0.006019,0.001089,-0.063383,0.086925,-0.001195,0.001550
19:52:44.593,0.000000,4.000000,-0.003534,-0.102602,0.000173,0.001539,-0.009193,0.000059,-0.106135,0.120120,-0.001656,0.001712
19:52:44.868,0.000000,4.000000,0.041822,-0.199016,-0.000102,0.004356,-0.012992,0.002845,-0.157194,0.292016,-0.005404,0.004254
19:52:45.068,0.000000,4.000000,0.027231,-0.085249,-0.000702,-0.001869,-0.002944,0.001776,-0.058017,0.136381,0.001415,-0.002572
19:52:45.318,0.000000,4.000000,-0.252542,0.266852,0.004856,-0.009198,0.003876,-0.009940,0.014310,-0.629765,0.017041,-0.004342
19:52:45.587,0.000000,4.000000,-0.482489,0.503180,0.007927,-0.016913,0.006171,-0.019114,0.020692,-1.195123,0.030119,-0.008986
19:52:45.866,0.000000,4.000000,-0.544386,0.462152,0.008719,-0.013922,-0.001541,-0.022009,-0.082234,-1.220428,0.027452,-0.005203
19:52:46.068,0.000000,4.000000,-0.235068,0.137104,0.003450,-0.005742,-0.006230,-0.008953,-0.097965,-0.451259,0.011145,-0.002291
19:52:46.318,0.000000,4.000000,-0.042094,-0.054382,0.001611,-0.000060,-0.008334,-0.000809,-0.096476,0.014898,0.002025,0.001551
19:52:46.568,0.000000,4.000000,0.123851,-0.179178,-0.001985,0.006320,-0.007033,0.005460,-0.055327,0.367423,-0.010071,0.004335
19:52:46.818,0.000000,4.000000,0.136652,-0.176200,-0.001315,0.005229,-0.005456,0.007251,-0.039548,0.379333,-0.007935,0.003913
19:52:47.088,0.000000,4.000000,0.016500,-0.058265,0.001558,0.001472,-0.003753,0.002265,-0.041765,0.090653,0.000104,0.003030
19:52:47.319,0.000000,4.000000,-0.062791,0.000022,0.001758,0.001426,-0.004953,-0.002124,-0.062768,-0.076161,0.000402,0.003185
19:52:47.569,0.000000,4.000000,-0.508145,0.401981,0.008651,-0.010967,-0.002977,-0.020654,-0.106164,-1.103528,0.023787,-0.002315
19:52:47.819,0.000000,4.000000,-0.592114,0.570270,0.010025,-0.016212,0.003338,-0.023022,-0.021845,-1.409391,0.031813,-0.006188
19:52:48.069,0.000000,4.000000,-0.570100,0.599805,0.008306,-0.018189,0.006116,-0.023410,0.029705,-1.418511,0.032125,-0.009884
19:52:48.319,0.000000,4.000000,-0.354507,0.339151,0.004780,-0.009832,0.000893,-0.014652,-0.015356,-0.841060,0.017717,-0.005052
19:52:48.569,0.000000,4.000000,-0.041508,-0.085610,-0.000020,0.002588,-0.009957,-0.001903,-0.127118,0.053473,-0.003162,0.002569
19:52:48.819,0.000000,4.000000,0.001927,-0.154339,-0.000122,0.004120,-0.012458,0.001935,-0.152412,0.189473,-0.005143,0.003999
19:52:49.069,0.000000,4.000000,0.011903,-0.089579,0.000374,0.002304,-0.007200,0.001942,-0.077676,0.123047,-0.002340,0.002678
19:52:49.319,0.000001,4.000000,0.003518,-0.103336,0.000481,0.001385,-0.008689,0.002269,-0.099818,0.129561,-0.001097,0.001866
19:52:49.569,0.000001,4.000000,-0.062822,-0.000264,0.001100,-0.001088,-0.004623,-0.001116,-0.063086,-0.075852,0.002654,0.000012
19:52:49.819,0.000002,4.000000,0.107987,-0.282990,-0.002536,0.004650,-0.014249,0.004993,-0.175003,0.474060,-0.008714,0.002114
19:52:50.069,0.000001,4.000000,-0.381963,0.371405,0.005402,-0.011867,0.002731,-0.015034,-0.010558,-0.913459,0.020939,-0.006464
19:52:50.319,0.000000,4.000000,-0.646470,0.685687,0.011924,-0.023170,0.009904,-0.026887,0.039216,-1.615240,0.042551,-0.011246
19:52:50.569,0.000000,4.000000,-0.763440,0.731253,0.013870,-0.023609,0.004894,-0.031390,-0.032187,-1.812316,0.045443,-0.009739
19:52:50.819,0.000000,4.000000,-0.533492,0.397011,0.009797,-0.010990,-0.006730,-0.021400,-0.136481,-1.128236,0.025204,-0.001193
19:52:51.069,0.000000,4.000000,-0.306151,0.122574,0.006057,-0.005297,-0.012156,-0.012619,-0.183578,-0.519830,0.013767,0.000760
19:52:51.319,0.000000,4.000000,0.044438,-0.064053,0.000488,0.001651,-0.003263,0.002123,-0.019615,0.131546,-0.001411,0.002139
19:52:51.569,0.000000,4.000000,0.144219,-0.171064,-0.000773,0.005621,-0.004852,0.005837,-0.026845,0.382281,-0.007752,0.004848
19:52:51.819,0.000000,4.000000,0.089873,-0.088269,0.000319,0.003739,-0.001250,0.004101,0.001604,0.215997,-0.004147,0.004057
19:52:52.069,0.000000,4.000000,-0.171987,0.095514,0.004554,-0.001846,-0.004918,-0.006466,-0.076473,-0.324344,0.007760,0.002708
19:52:52.319,0.000000,4.000000,-0.364250,0.255985,0.007652,-0.007491,-0.004855,-0.013813,-0.108265,-0.752035,0.018360,0.000161
19:52:52.569,0.000000,4.000000,-0.514382,0.465687,0.010948,-0.012573,0.001897,-0.021545,-0.048695,-1.188333,0.028520,-0.001625
19:52:52.819,0.000000,4.000000,-0.689445,0.642493,0.011358,-0.021856,0.002791,-0.028499,-0.046952,-1.614975,0.040271,-0.010498
19:52:53.069,0.000000,4.000000,-0.326020,0.347588,0.004337,-0.012127,0.004759,-0.013881,0.021568,-0.816750,0.019962,-0.007790
19:52:53.342,0.000000,4.000000,-0.029666,-0.009640,-0.001006,-0.000356,-0.002882,-0.001274,-0.039306,-0.024281,-0.000788,-0.001362
19:52:53.622,0.000000,4.000000,0.002050,-0.151275,-0.000221,0.005196,-0.011979,0.000135,-0.149225,0.185907,-0.006568,0.004975
19:52:53.819,0.000000,4.000000,-0.087621,0.072598,0.001205,-0.002186,-0.001365,-0.002462,-0.015022,-0.194265,0.004112,-0.000981
19:52:54.069,0.000000,4.000000,-0.050123,0.006770,0.001227,0.000632,-0.003816,-0.000402,-0.043353,-0.068982,0.000721,0.001859
19:52:54.319,0.000000,4.000000,-0.033466,0.023644,0.000359,-0.001523,-0.000841,0.000271,-0.009822,-0.069246,0.002281,-0.001164
19:52:54.592,0.000000,4.000000,-0.108779,0.099809,0.002198,-0.003161,-0.000086,-0.003423,-0.008971,-0.252913,0.006499,-0.000963
19:52:54.874,0.000000,4.000000,-0.259093,0.247976,0.004213,-0.007263,0.001259,-0.009050,-0.011116,-0.614821,0.013915,-0.003050
19:52:55.069,0.000000,4.000000,-0.202466,0.213932,0.003359,-0.007329,0.001406,-0.008035,0.011466,-0.504883,0.012959,-0.003970
19:52:55.319,0.000000,4.000000,-0.378568,0.425847,0.005147,-0.009829,0.005918,-0.015196,0.047279,-0.975353,0.018158,-0.004682
19:52:55.569,0.000000,4.000000,-0.197491,0.260915,0.002538,-0.007098,0.005421,-0.007841,0.063424,-0.555818,0.011684,-0.004561
19:52:55.843,0.000000,4.000000,-0.061899,0.091961,-0.000020,-0.002282,0.001834,-0.001140,0.030062,-0.186555,0.002743,-0.002303
19:52:56.120,0.000000,4.000000,0.012467,-0.012279,-0.000727,0.000593,-0.001597,0.000945,0.000189,0.030004,-0.001600,-0.000134
19:52:56.319,0.000000,4.000000,0.016960,-0.017320,-0.000121,0.001093,-0.001430,0.001685,-0.000359,0.041565,-0.001472,0.000972
19:52:56.569,0.000000,4.000000,0.046662,-0.055674,-0.001444,0.001054,-0.002319,0.002640,-0.009012,0.124083,-0.003028,-0.000390
19:52:56.819,0.000000,4.000000,0.035028,-0.034866,-0.000570,-0.000248,-0.001331,0.003065,0.000162,0.084746,-0.000390,-0.000819
19:52:57.095,0.000000,4.000000,-0.026319,0.052262,-0.000523,-0.001265,0.001126,0.000221,0.025943,-0.095279,0.000900,-0.001788
19:52:57.373,0.000000,4.000000,-0.096226,0.148364,0.000490,-0.003585,0.004336,-0.003038,0.052138,-0.296565,0.004941,-0.003095
19:52:57.569,0.000000,4.000000,-0.101387,0.146738,0.000869,-0.003541,0.003810,-0.003477,0.045351,-0.300851,0.005347,-0.002672
19:52:57.819,0.000000,4.000000,-0.213909,0.270152,0.002530,-0.007179,0.005494,-0.008555,0.056243,-0.586924,0.011772,-0.004649
19:52:58.069,0.000000,4.000000,-0.176948,0.200641,0.002415,-0.005293,0.002504,-0.006640,0.023693,-0.457827,0.009345,-0.002878
19:52:58.341,0.000000,4.000000,-0.180039,0.187836,0.003511,-0.004034,0.001605,-0.006878,0.007798,-0.446049,0.009149,-0.000524
19:52:58.617,0.000000,4.000000,-0.111511,0.108798,0.001271,-0.002335,-0.000623,-0.004233,-0.002713,-0.267125,0.004373,-0.001064
19:52:58.819,0.000000,4.000000,-0.044514,0.050295,-0.000397,-0.002421,-0.000018,-0.000231,0.005781,-0.114956,0.002454,-0.002818
19:52:59.069,0.000000,4.000000,-0.036265,0.031903,0.000398,-0.000460,-0.001084,-0.001328,-0.004362,-0.082653,0.001040,-0.000063
19:52:59.319,0.000000,4.000000,-0.006448,0.016153,-0.000813,0.000024,-0.000418,-0.000154,0.009705,-0.027404,-0.001016,-0.000789
19:52:59.595,0.000000,4.000000,-0.003735,0.016868,0.000216,-0.000161,-0.000203,0.001301,0.013133,-0.024981,0.000456,0.000055
19:52:59.872,0.000000,4.000000,-0.017998,0.037025,0.001027,-0.001427,0.000597,0.000388,0.019027,-0.066716,0.002976,-0.000400
19:53:00.068,0.000000,4.000000,-0.017342,0.036564,-0.000289,-0.000689,0.000353,-0.000012,0.019222,-0.065360,0.000485,-0.000978
19:53:00.318,0.000000,4.000000,-0.028892,0.051620,0.000213,-0.002901,0.000740,-0.000180,0.022728,-0.097620,0.003775,-0.002688
19:53:00.568,0.000000,4.000000,-0.039801,0.066004,0.001103,-0.002355,0.000772,-0.001039,0.026204,-0.128288,0.004192,-0.001252
19:53:00.840,0.000000,4.000000,-0.021268,0.042775,0.000736,-0.003255,0.000162,0.000382,0.021507,-0.077651,0.004839,-0.002519
19:53:01.119,0.000000,4.000000,0.001576,0.008621,0.000202,-0.000896,-0.000971,0.000301,0.010196,-0.008542,0.001332,-0.000695
19:53:01.318,0.000000,4.000000,0.005827,0.003277,-0.000328,-0.001043,-0.000974,0.000738,0.009103,0.003092,0.000867,-0.001371
19:53:01.568,0.000000,4.000000,0.002780,-0.000956,-0.000237,-0.000101,-0.001634,0.001183,0.001824,0.004530,-0.000165,-0.000338
19:53:01.818,0.000000,4.000000,-0.005111,0.018659,0.000314,0.000761,-0.000225,0.000978,0.013549,-0.028822,-0.000542,0.001075
19:53:02.090,0.000000,4.000000,-0.012518,0.026313,0.000212,-0.000364,-0.000295,0.000909,0.013795,-0.047083,0.000698,-0.000153
19:53:02.369,0.000000,4.000000,-0.046175,0.073730,0.001603,-0.000346,0.001659,-0.002018,0.027555,-0.145386,0.002363,0.001257
19:53:02.568,0.000000,4.000000,-0.058186,0.088494,0.001845,-0.001712,0.001539,-0.001835,0.030308,-0.177849,0.004313,0.000133
19:53:02.818,0.000000,4.000000,-0.061602,0.089424,0.001838,-0.004103,0.001357,-0.001035,0.027822,-0.183118,0.007204,-0.002265
19:53:03.068,0.000000,4.000000,-0.075798,0.105670,0.000965,-0.003933,0.001805,-0.002328,0.029872,-0.220029,0.005939,-0.002969
19:53:03.345,0.000000,4.000000,-0.052883,0.076003,0.001687,-0.002596,0.001149,-0.001918,0.023121,-0.156275,0.005192,-0.000909
19:53:03.622,0.000000,4.000000,-0.039698,0.060078,-0.000397,-0.001348,0.000618,-0.001238,0.020379,-0.120978,0.001153,-0.001745
19:53:03.818,0.000000,4.000000,-0.015609,0.034160,0.000308,0.000237,0.000153,-0.000259,0.018551,-0.060345,0.000086,0.000546
19:53:04.121,0.000000,4.000000,-0.015678,0.029973,0.001759,-0.000662,0.000052,-0.000126,0.014295,-0.055353,0.002935,0.001096
19:53:04.318,0.000000,4.000000,-0.014052,0.030753,0.000142,-0.000835,0.000353,-0.000142,0.016701,-0.054325,0.001185,-0.000694
19:53:04.568,0.000000,4.000000,-0.011712,0.028781,0.000634,-0.001266,-0.000029,0.000448,0.017069,-0.049098,0.002303,-0.000632
19:53:04.843,0.000000,4.000000,-0.006944,0.020551,0.000180,-0.001170,-0.000622,0.001402,0.013608,-0.033337,0.001637,-0.000989
19:53:05.121,0.000000,4.000000,-0.004747,0.020674,-0.000040,0.000793,-0.000394,0.001179,0.015927,-0.030824,-0.001010,0.000752
19:53:05.319,0.000000,4.000000,-0.008121,0.020579,0.001106,-0.001236,-0.000650,0.001099,0.012459,-0.034799,0.002839,-0.000131
19:53:05.569,0.000000,4.000000,0.006477,0.001835,-0.000108,-0.000219,-0.001105,0.000806,0.008312,0.005629,0.000135,-0.000327
19:53:05.819,0.000000,4.000000,0.002213,0.004890,0.000062,-0.000379,-0.001282,-0.000442,0.007103,-0.003246,0.000535,-0.000317
19:53:06.096,0.000000,4.000000,0.003561,0.004937,-0.000697,0.001545,-0.001085,-0.000133,0.008498,-0.001668,-0.002717,0.000848
19:53:06.376,0.000000,4.000000,0.005285,-0.000392,-0.000315,-0.000754,-0.000748,0.000990,0.004893,0.006883,0.000531,-0.001069
19:53:06.569,0.000000,4.000000,-0.008992,0.022451,-0.000171,-0.000924,-0.000323,-0.000005,0.013460,-0.038124,0.000913,-0.001095
19:53:06.819,0.000000,4.000000,-0.021758,0.042653,-0.000686,-0.000837,0.000580,-0.000768,0.020895,-0.078097,0.000183,-0.001522
19:53:07.069,0.000000,4.000000,-0.034414,0.065862,-0.000841,-0.001039,0.001537,-0.000942,0.031449,-0.121584,0.000241,-0.001880
19:53:07.343,0.000000,4.000000,-0.052411,0.084245,0.000004,-0.001390,0.001693,-0.001197,0.031833,-0.165695,0.001690,-0.001385
19:53:07.613,0.000000,4.000000,-0.056766,0.088811,-0.000019,-0.002324,0.001616,-0.001301,0.032046,-0.176512,0.002795,-0.002344
19:53:07.819,0.000000,4.000000,-0.051378,0.078105,-0.000463,-0.002313,0.000731,-0.000564,0.026728,-0.156998,0.002243,-0.002777
19:53:08.069,0.000000,4.000000,-0.037766,0.058558,-0.000261,-0.002643,0.000288,-0.001073,0.020792,-0.116792,0.002888,-0.002903
19:53:08.319,0.000000,4.000000,-0.022799,0.039004,-0.000974,-0.001829,-0.000411,0.000167,0.016205,-0.074936,0.001037,-0.002803
19:53:08.601,0.000000,4.000000,-0.009250,0.019543,-0.001973,-0.001986,-0.001011,0.001061,0.010293,-0.034912,0.000015,-0.003959
19:53:08.819,0.000000,4.000000,0.026835,-0.034676,-0.000274,0.002067,-0.002313,0.002042,-0.007841,0.074582,-0.002839,0.001793
19:53:09.069,0.000000,4.000000,0.001553,0.004979,-0.001419,-0.000088,-0.001147,0.001081,0.006532,-0.004154,-0.001614,-0.001508
19:53:09.319,0.000000,4.000000,0.007403,-0.005329,-0.001764,-0.000258,-0.001408,0.000724,0.002074,0.015437,-0.001826,-0.002021
19:53:09.592,0.000000,4.000000,0.008244,-0.002699,-0.000722,-0.000771,-0.000742,0.001276,0.005545,0.013268,0.000059,-0.001493
19:53:09.872,0.000000,4.000000,-0.005511,0.016316,-0.001387,-0.001086,-0.000282,0.001130,0.010804,-0.026465,-0.000365,-0.002473
19:53:10.069,0.000000,4.000000,-0.029052,0.056240,-0.000149,-0.002418,0.001214,-0.000934,0.027189,-0.103416,0.002751,-0.002567
19:53:10.319,0.000000,4.000000,-0.011019,0.025619,-0.000478,-0.001137,-0.000722,0.000233,0.014600,-0.044424,0.000798,-0.001615
19:53:10.569,0.000000,4.000000,-0.021965,0.039305,-0.000667,-0.001034,0.000188,0.000205,0.017340,-0.074290,0.000446,-0.001701
19:53:10.843,0.000000,4.000000,-0.014526,0.021585,0.000092,-0.002271,-0.000920,0.000151,0.007059,-0.043785,0.002865,-0.002180
19:53:11.121,0.000000,4.000000,0.006829,-0.003878,-0.000376,0.001120,-0.001313,0.000496,0.002950,0.012982,-0.001814,0.000744
19:53:11.319,0.000000,4.000000,0.013822,-0.013682,-0.001104,0.000698,-0.001799,0.001481,0.000140,0.033349,-0.002184,-0.000406
19:53:11.569,0.000000,4.000000,0.000533,0.011079,0.000261,-0.000304,-0.000368,0.001212,0.011612,-0.012788,0.000685,-0.000042
19:53:11.819,0.000000,4.000000,-0.026616,0.046913,0.001151,-0.002923,-0.000129,-0.000206,0.020297,-0.089153,0.004939,-0.001772
19:53:12.096,0.000000,4.000000,-0.047518,0.079183,-0.000138,-0.002606,0.001347,-0.001025,0.031665,-0.153625,0.002992,-0.002744
19:53:12.374,0.000000,4.000000,-0.062553,0.096993,0.001792,-0.003053,0.001451,-0.001239,0.034440,-0.193449,0.005875,-0.001261
19:53:12.569,0.000000,4.000000,-0.144269,0.194595,0.001618,-0.006258,0.003777,-0.006007,0.050327,-0.410873,0.009550,-0.004639
19:53:12.819,0.000000,4.000000,-0.108869,0.131824,0.002385,-0.004167,0.000963,-0.004196,0.022954,-0.291840,0.007944,-0.001781
19:53:13.069,0.000000,4.000000,-0.044426,0.050396,0.000948,-0.000278,-0.000749,-0.002092,0.005970,-0.114971,0.001486,0.000670
19:53:13.319,0.000000,4.000000,-0.006447,-0.004543,0.001178,0.001143,-0.002681,-0.001056,-0.010990,-0.002309,0.000043,0.002322
19:53:13.572,0.000000,4.000000,0.040600,-0.060682,-0.000488,0.002269,-0.003851,0.001831,-0.020082,0.122803,-0.003343,0.001782
19:53:13.852,0.000000,4.000000,0.102366,-0.149937,-0.000590,0.002783,-0.006297,0.005580,-0.047571,0.305918,-0.004090,0.002194
19:53:14.069,0.000000,4.000000,0.052139,-0.077676,-0.001158,0.002410,-0.003891,0.003044,-0.025537,0.157401,-0.004326,0.001252
19:53:14.319,0.000000,4.000000,0.020611,-0.041059,-0.000261,0.000362,-0.002950,0.001948,-0.020447,0.074775,-0.000756,0.000101
19:53:14.569,0.000000,4.000000,-0.049266,0.048503,0.001009,-0.000442,-0.000315,-0.001341,-0.000763,-0.118545,0.001759,0.000567
19:53:14.843,0.000000,4.000000,-0.240607,0.262206,0.003716,-0.007485,0.003224,-0.008758,0.021599,-0.609660,0.013580,-0.003769
19:53:15.122,0.000000,4.000000,-0.946460,0.737742,0.016557,-0.024058,-0.008099,-0.036160,-0.208718,-2.042096,0.049245,-0.007501
19:53:15.319,0.000000,4.000000,-0.229646,0.210265,0.003172,-0.004015,-0.000849,-0.008571,-0.019381,-0.533393,0.008715,-0.000843
19:53:15.569,0.000000,4.000000,-0.147471,0.086061,0.001700,-0.003333,-0.004962,-0.003599,-0.061410,-0.283158,0.006103,-0.001633
19:53:15.819,0.000000,4.000000,0.020105,-0.061723,-0.001135,0.001870,-0.005603,0.002732,-0.041618,0.099216,-0.003643,0.000735
19:53:16.094,0.000000,4.000000,0.045144,-0.055720,-0.001424,0.001110,-0.003658,0.001903,-0.010576,0.122297,-0.003072,-0.000314
19:53:16.371,0.000000,4.000000,0.121574,-0.162185,-0.002582,0.003057,-0.006540,0.006655,-0.040611,0.344057,-0.006837,0.000475
19:53:16.569,0.000000,4.000000,0.085648,-0.107511,-0.001855,-0.000185,-0.004772,0.005237,-0.021863,0.234206,-0.002024,-0.002040
19:53:16.819,0.000000,4.000000,0.012871,-0.022201,-0.000006,-0.000384,-0.002074,0.001358,-0.009330,0.042524,0.000459,-0.000390
19:53:17.075,0.000000,4.000000,-0.033985,0.041091,0.000379,-0.003261,-0.000063,0.000244,0.007106,-0.091029,0.004414,-0.002882
19:53:17.355,0.000000,4.000000,-0.138737,0.162976,0.001675,0.002339,0.001928,-0.007373,0.024238,-0.365827,-0.000806,0.004014
19:53:17.568,0.000000,4.000000,-0.103538,0.008911,0.001795,-0.002737,-0.007305,-0.002776,-0.094627,-0.136345,0.005495,-0.000942
19:53:17.818,0.000000,4.000000,-0.122233,0.068134,0.002304,-0.002907,-0.004320,-0.003941,-0.054098,-0.230820,0.006318,-0.000603
19:53:18.068,0.000000,4.000000,-0.051759,0.003598,0.000076,-0.001050,-0.005106,-0.002223,-0.048161,-0.067121,0.001365,-0.000974
19:53:18.343,0.000000,4.000000,0.115144,-0.167601,-0.001862,0.003339,-0.007693,0.006150,-0.052457,0.342829,-0.006306,0.001477
19:53:18.620,-0.000000,4.000000,0.152391,-0.226988,-0.003213,0.004705,-0.009740,0.008254,-0.074597,0.459997,-0.009600,0.001492
19:53:18.818,-0.000001,4.000000,0.153268,-0.231192,-0.002195,0.004742,-0.010118,0.006623,-0.077923,0.466158,-0.008411,0.002547
19:53:19.068,-0.000002,4.000000,0.054184,-0.101556,-0.001091,0.002546,-0.005319,0.004239,-0.047373,0.188835,-0.004410,0.001455
19:53:19.318,-0.000002,4.000000,-0.228072,0.179380,0.004217,-0.007143,-0.002236,-0.006879,-0.048692,-0.494036,0.013774,-0.002926
19:53:19.602,-0.000002,4.000000,-0.649028,0.580438,0.011274,-0.017561,-0.000101,-0.025584,-0.068590,-1.490727,0.034962,-0.006287
19:53:19.818,-0.000002,4.000000,-0.851631,0.775870,0.014657,-0.024748,0.001867,-0.031682,-0.075761,-1.973346,0.047779,-0.010091
19:53:20.068,-0.000001,4.000000,-0.754851,0.576144,0.013995,-0.018147,-0.006948,-0.028228,-0.178707,-1.613831,0.038972,-0.004151
19:53:20.318,-0.000000,4.000000,-0.584084,0.402278,0.011000,-0.012619,-0.009766,-0.021916,-0.181805,-1.195964,0.028637,-0.001619
19:53:20.568,0.000000,4.000000,-0.211842,0.084737,0.004645,-0.002757,-0.009722,-0.006837,-0.127104,-0.359602,0.008975,0.001888
19:53:20.818,0.000000,4.000000,0.104926,-0.137893,-0.001815,0.003996,-0.005988,0.005386,-0.032967,0.294417,-0.007046,0.002181
19:53:21.090,0.000000,4.000000,0.147724,-0.194170,-0.003016,0.003639,-0.007707,0.007001,-0.046446,0.414545,-0.008070,0.000623
19:53:21.370,0.000000,4.000000,0.025566,-0.063137,-0.001161,0.000710,-0.005498,0.002453,-0.037571,0.107553,-0.002269,-0.000451
19:53:21.568,0.000000,4.000000,0.105827,-0.155855,-0.002043,0.002457,-0.006684,0.004865,-0.050028,0.317290,-0.005456,0.000414
19:53:21.818,-0.000001,4.000000,0.010609,-0.076224,-0.000709,0.000987,-0.006538,0.000880,-0.065614,0.105285,-0.002056,0.000278
19:53:22.068,-0.000002,4.000000,-0.119127,0.117593,0.001397,-0.007098,0.000382,-0.003226,-0.001533,-0.287023,0.010301,-0.005701
19:53:22.339,-0.000002,4.000000,-0.114878,0.088234,0.002275,0.012394,-0.001386,-0.007736,-0.026644,-0.246273,-0.012270,0.014669
19:53:22.619,-0.000001,4.000000,-0.015832,-0.025704,-0.000540,-0.001679,-0.004105,0.000912,-0.041536,0.011969,0.001382,-0.002219
19:53:22.819,-0.000000,4.000000,-0.023002,-0.094216,0.000605,0.000690,-0.010107,0.000111,-0.117219,0.086347,-0.000102,0.001295
19:53:23.069,-0.000001,4.000000,0.050571,-0.064028,-0.001231,0.001154,-0.003316,0.002532,-0.013457,0.138951,-0.002891,-0.000077
19:53:23.321,-0.000002,4.000000,0.141940,-0.192218,-0.003359,0.004411,-0.007260,0.007834,-0.050277,0.405167,-0.009421,0.001052
19:53:23.607,-0.000002,4.000000,0.205533,-0.292872,-0.003857,0.007358,-0.011624,0.009248,-0.087339,0.604316,-0.013598,0.003501
19:53:23.819,-0.000001,4.000000,0.018278,-0.030659,-0.001282,-0.000935,-0.002809,0.001502,-0.012381,0.059337,-0.000421,-0.002217
19:53:24.069,-0.000000,4.000000,-0.161140,0.127210,0.002258,-0.005781,-0.003437,-0.004262,-0.033930,-0.349624,0.009748,-0.003523
19:53:24.319,0.000000,4.000000,-0.434744,0.301147,0.008031,-0.011425,-0.007716,-0.015010,-0.133597,-0.892268,0.023591,-0.003394
19:53:24.592,0.000000,4.000000,-0.279466,0.179793,0.004122,-0.006741,-0.005460,-0.008825,-0.099673,-0.556851,0.013171,-0.002619
19:53:24.872,0.000000,4.000000,-0.408227,0.262485,0.008563,-0.008095,-0.006476,-0.012515,-0.145741,-0.813238,0.020198,0.000468
19:53:25.097,0.000000,4.000000,-0.115183,0.081574,0.001696,-0.002464,-0.001456,-0.001272,-0.033609,-0.238568,0.005044,-0.000768
19:53:25.377,0.000000,4.000000,-0.316534,0.314160,0.006821,-0.009092,0.002638,-0.010231,-0.002374,-0.764716,0.019294,-0.002271
19:53:25.569,0.000000,4.000000,-0.100017,0.145349,0.002323,-0.003578,0.003153,-0.000368,0.045332,-0.297506,0.007156,-0.001255
19:53:25.819,0.000000,4.000000,-0.003888,0.020871,0.000727,0.000002,-0.000028,0.001933,0.016984,-0.030020,0.000879,0.000729
19:53:26.083,0.000000,4.000000,0.043183,-0.061181,-0.000426,0.002127,-0.003067,0.003330,-0.017998,0.126541,-0.003095,0.001700
19:53:26.363,0.000000,4.000000,0.047708,-0.063359,-0.000095,0.002415,-0.000864,0.010239,-0.015652,0.134669,-0.003043,0.002321
19:53:26.569,0.000000,4.000000,-0.019516,0.000264,-0.000031,-0.000050,-0.002060,0.000823,-0.019251,-0.023983,0.000024,-0.000081
19:53:26.819,0.000000,4.000000,-0.053198,0.050558,0.002435,-0.001267,0.000661,0.005536,-0.002641,-0.125804,0.004488,0.001168
19:53:27.069,0.000000,4.000000,-0.030524,0.034005,0.002348,-0.001913,0.002467,0.000334,0.003481,-0.078242,0.005166,0.000435
19:53:27.346,0.000000,4.000000,-0.058744,0.071706,0.002722,-0.001733,0.002617,0.003033,0.012962,-0.158171,0.005402,0.000989
19:53:27.569,0.000000,4.000000,0.101072,-0.088128,0.003853,0.002274,0.007560,0.031143,0.012945,0.229405,0.001915,0.006127
19:53:27.819,0.000000,4.000000,0.051252,-0.041816,0.003406,-0.000638,0.003898,0.014926,0.009436,0.112845,0.004903,0.002769
19:53:28.069,0.000000,4.000000,0.043484,-0.039529,0.000239,-0.000543,0.001950,0.005651,0.003954,0.100653,0.000948,-0.000304
19:53:28.343,0.000000,4.000000,0.082529,-0.083721,0.001863,0.001431,0.003137,0.012833,-0.001192,0.201578,0.000523,0.003294
19:53:28.626,0.000000,4.000000,0.103845,-0.099832,0.002855,0.002513,0.005201,0.016238,0.004014,0.246958,0.000415,0.005368
19:53:28.819,0.000000,4.000000,0.122122,-0.106257,0.003758,0.002666,0.008592,0.024124,0.015865,0.276909,0.001324,0.006424
19:53:29.069,0.000000,4.000000,0.078395,-0.068882,0.004670,0.000580,0.005671,0.019141,0.009513,0.178574,0.004959,0.005250
19:53:29.319,0.000000,4.000000,0.109688,-0.095607,0.004108,0.001993,0.009199,0.022468,0.014081,0.248921,0.002564,0.006101
19:53:29.593,0.000000,4.000000,0.059921,-0.058350,0.002768,0.000881,0.005239,0.018977,0.001571,0.143403,0.002288,0.003649
19:53:29.872,0.000000,4.000000,0.110064,-0.100901,0.007070,0.003146,0.009936,0.024436,0.009162,0.255795,0.004757,0.010216
19:53:30.069,0.000000,4.000000,0.280505,-0.227752,0.013410,0.005536,0.024317,0.049984,0.052753,0.616262,0.009547,0.018946
19:53:30.319,0.000000,4.000000,0.106913,-0.090026,0.002803,0.002382,0.009118,0.016802,0.016887,0.238788,0.000510,0.005186
19:53:30.569,0.000000,4.000000,0.184561,-0.160292,0.011514,0.004093,0.013614,0.035675,0.024269,0.418134,0.008998,0.015607
19:53:30.844,0.000000,4.000000,0.259888,-0.217753,0.007443,0.006996,0.019648,0.047828,0.042135,0.579140,0.000543,0.014439
19:53:31.124,0.000000,4.000000,0.198556,-0.176338,0.009322,0.006419,0.012803,0.032473,0.022218,0.454559,0.003519,0.015740
19:53:31.319,0.000000,4.000000,0.434957,-0.352049,0.025551,0.009867,0.030350,0.090792,0.082908,0.954245,0.019016,0.035418
19:53:31.569,0.000000,4.000000,0.179938,-0.154103,0.007115,0.003889,0.011372,0.028689,0.025835,0.405025,0.003912,0.011005
19:53:31.866,0.000000,4.000000,0.253267,-0.204556,0.014862,0.007222,0.016913,0.045343,0.048712,0.555111,0.009263,0.022084
19:53:32.069,0.000000,4.000000,0.325023,-0.250354,0.010655,0.007077,0.022646,0.047671,0.074669,0.697645,0.004339,0.017731
19:53:32.319,0.000000,4.000000,0.216859,-0.171139,0.013620,0.004926,0.014317,0.065903,0.045720,0.470447,0.010541,0.018546
19:53:32.569,0.000000,4.000000,0.493311,-0.379371,0.020220,0.010160,0.033698,0.078508,0.113940,1.058126,0.012198,0.030380
19:53:32.842,0.000000,4.000000,0.381303,-0.298115,0.016453,0.008044,0.025673,0.098827,0.083188,0.823795,0.010197,0.024497
19:53:33.122,0.000000,4.000000,0.284895,-0.235364,0.009808,0.007699,0.019398,0.050680,0.049531,0.630814,0.002557,0.017507
19:53:33.319,0.000000,4.000000,0.366777,-0.294989,0.015479,0.009219,0.024886,0.079291,0.071788,0.802391,0.007591,0.024697
19:53:33.569,0.000000,4.000000,0.453443,-0.359621,0.015591,0.009594,0.030399,0.078955,0.093822,0.985841,0.007272,0.025185
19:53:33.823,0.000000,4.000000,0.865677,-0.655578,0.036736,0.016759,0.055024,0.202999,0.210099,1.844522,0.024222,0.053494
19:53:34.100,0.000000,4.000000,0.430740,-0.342053,0.015215,0.009105,0.030959,0.078026,0.088688,0.937011,0.007408,0.024320
19:53:34.378,0.000000,4.000000,0.495491,-0.385028,0.022701,0.010238,0.035071,0.124466,0.110463,1.067630,0.015111,0.032939
19:53:34.569,0.000000,4.000000,0.419825,-0.333157,0.017174,0.008442,0.031367,0.117870,0.086668,0.912991,0.010588,0.025617
19:53:34.819,0.000000,4.000000,0.494134,-0.393542,0.021097,0.009146,0.036012,0.134212,0.100592,1.076307,0.014491,0.030243
19:53:35.068,0.000001,4.000000,0.705865,-0.548633,0.034881,0.015223,0.047374,0.225442,0.157232,1.521078,0.023835,0.050105
19:53:35.344,0.000002,4.000000,0.539462,-0.433837,0.023246,0.012110,0.040143,0.135687,0.105625,1.180125,0.013503,0.035356
19:53:35.568,0.000001,4.000000,0.607203,-0.485815,0.025599,0.013593,0.044976,0.137945,0.121388,1.325285,0.014558,0.039192
19:53:35.818,0.000001,4.000000,0.665947,-0.527721,0.039950,0.014909,0.047572,0.183436,0.138226,1.447322,0.030361,0.054859
19:53:36.068,0.000000,4.000000,0.639988,-0.508584,0.025728,0.013236,0.046689,0.146423,0.131404,1.392644,0.015148,0.038964
19:53:36.344,0.000000,4.000000,0.797832,-0.595214,0.040946,0.017725,0.053803,0.275266,0.202618,1.689069,0.028156,0.058671
19:53:36.620,0.000000,4.000000,0.760230,-0.585567,0.035157,0.015907,0.052065,0.168012,0.174664,1.631779,0.023341,0.051063
19:53:36.818,0.000000,4.000000,0.773060,-0.593123,0.036615,0.014943,0.052902,0.138033,0.179937,1.656497,0.026278,0.051558
19:53:37.068,0.000000,4.000000,0.802784,-0.604845,0.040683,0.016811,0.054022,0.232832,0.197939,1.706749,0.028945,0.057494
19:53:37.323,0.000000,4.000000,0.818371,-0.621845,0.037906,0.016807,0.053955,0.227290,0.196526,1.746262,0.025583,0.054714
19:53:37.603,0.000000,4.000000,0.847406,-0.657441,0.033420,0.019755,0.053843,0.211577,0.189965,1.824627,0.016569,0.053174
19:53:37.818,0.000000,4.000000,0.848602,-0.654004,0.041724,0.018194,0.052184,0.225501,0.194598,1.821911,0.028531,0.059918
19:53:38.068,0.000000,4.000000,0.856948,-0.664058,0.036823,0.017483,0.053694,0.194785,0.192891,1.844220,0.023450,0.054305
19:53:38.318,0.000000,4.000000,0.857968,-0.659036,0.030777,0.019058,0.054091,0.193496,0.198932,1.839367,0.014209,0.049834
19:53:38.594,0.000000,4.000000,0.852514,-0.646198,0.042613,0.017157,0.055177,0.197316,0.206316,1.817187,0.030864,0.059770
19:53:38.872,0.000000,4.000000,0.786472,-0.570538,0.045392,0.017711,0.055874,0.238075,0.215934,1.645374,0.033562,0.063103
19:53:39.068,0.000000,4.000000,0.857457,-0.646831,0.034750,0.017737,0.056569,0.196809,0.210626,1.823949,0.020628,0.052487
19:53:39.318,0.000000,4.000000,0.839304,-0.628133,0.044481,0.017053,0.055664,0.264900,0.211171,1.779268,0.033257,0.061534
19:53:39.568,0.000000,4.000000,0.849873,-0.645950,0.037242,0.019051,0.054737,0.283156,0.203923,1.813685,0.022057,0.056293
19:53:39.841,0.000000,4.000000,0.861303,-0.664788,0.042854,0.017903,0.053670,0.307719,0.196514,1.850386,0.030253,0.060757
19:53:40.119,0.000000,4.000000,0.854652,-0.676857,0.044715,0.018220,0.052229,0.276799,0.177795,1.856955,0.032125,0.062936
19:53:40.319,0.000000,4.000000,0.851300,-0.664709,0.044206,0.020217,0.051281,0.313497,0.186591,1.838161,0.029087,0.064423
19:53:40.569,0.000001,4.000000,0.840659,-0.650705,0.034568,0.020436,0.053260,0.272137,0.189954,1.808279,0.017135,0.055005
19:53:40.819,0.000002,4.000000,0.817071,-0.631975,0.044074,0.018140,0.053102,0.308192,0.185096,1.756968,0.031446,0.062214
19:53:41.091,0.000002,4.000000,0.788627,-0.614412,0.040332,0.018039,0.055146,0.247164,0.174215,1.701184,0.027031,0.058371
19:53:41.319,0.000001,4.000000,0.665274,-0.495860,0.039985,0.014238,0.054136,0.249553,0.169414,1.407874,0.031219,0.054223
19:53:41.594,0.000000,4.000000,0.708013,-0.501986,0.045415,0.015334,0.056259,0.233606,0.206027,1.467124,0.036473,0.060750
19:53:41.875,0.000000,4.000000,0.690456,-0.485660,0.046005,0.014129,0.055902,0.271600,0.204796,1.426040,0.038650,0.060135
19:53:42.069,0.000000,4.000000,0.691196,-0.471481,0.037208,0.013684,0.058195,0.220438,0.219715,1.409746,0.028523,0.050893
19:53:42.319,0.000000,4.000000,0.782958,-0.577619,0.050573,0.018090,0.055741,0.260760,0.205339,1.649699,0.039385,0.068663
19:53:42.569,0.000000,4.000000,0.826224,-0.638961,0.045821,0.016959,0.053166,0.229784,0.187263,1.776536,0.034996,0.062780
19:53:42.843,0.000000,4.000000,0.869378,-0.693080,0.037690,0.018411,0.052053,0.257795,0.176298,1.894480,0.023376,0.056101
19:53:43.122,0.000000,4.000000,0.885537,-0.718451,0.043389,0.020133,0.051310,0.236568,0.167086,1.944836,0.028198,0.063523
19:53:43.319,0.000000,4.000000,0.878890,-0.712554,0.039476,0.021415,0.052035,0.237515,0.166337,1.929626,0.021899,0.060892
19:53:43.569,0.000000,4.000000,0.816727,-0.622590,0.033432,0.019658,0.053096,0.251613,0.194137,1.745172,0.016701,0.053091
19:53:43.819,0.000001,4.000000,0.766688,-0.549181,0.042084,0.017106,0.056715,0.219798,0.217507,1.595492,0.030286,0.059190
19:53:44.090,0.000002,4.000000,0.676884,-0.434492,0.044329,0.012867,0.058235,0.254567,0.242392,1.347543,0.038148,0.057196
19:53:44.365,0.000001,4.000000,0.681463,-0.457493,0.041798,0.015263,0.057900,0.225513,0.223970,1.380984,0.032173,0.057062
19:53:44.569,0.000001,4.000000,0.602642,-0.403823,0.051132,0.012304,0.055260,0.258035,0.198818,1.220338,0.047079,0.063436
19:53:44.819,0.000000,4.000000,0.629013,-0.460494,0.042098,0.013148,0.054632,0.219945,0.168519,1.321027,0.035102,0.055246
19:53:45.072,0.000001,4.000000,0.824877,-0.717343,0.040212,0.021366,0.048473,0.221356,0.107534,1.869942,0.022850,0.061578
19:53:45.349,0.000002,4.000000,0.849027,-0.698563,0.041706,0.019087,0.051117,0.232378,0.150464,1.876452,0.027426,0.060793
19:53:45.624,0.000001,4.000000,0.784510,-0.661419,0.042572,0.018786,0.047665,0.269108,0.123091,1.753189,0.028840,0.061358
19:53:45.819,0.000001,4.000000,0.762058,-0.661151,0.044220,0.019226,0.047287,0.246735,0.100907,1.725641,0.030306,0.063446
19:53:46.069,0.000000,4.000000,0.782578,-0.731478,0.045147,0.019476,0.045144,0.238147,0.051100,1.835793,0.031126,0.064622
19:53:46.363,0.000000,4.000000,0.928119,-0.887950,0.035150,0.021325,0.045238,0.239181,0.040169,2.201983,0.016763,0.056475
19:53:46.569,0.000000,4.000000,0.601962,-0.422258,0.048960,0.011515,0.057133,0.237255,0.179704,1.241867,0.045402,0.060475
19:53:46.819,0.000000,4.000000,0.303731,-0.077473,0.050801,0.000260,0.064006,0.187512,0.226258,0.462209,0.061280,0.051061
19:53:47.070,0.000000,4.000000,0.206463,-0.036821,0.057016,-0.000274,0.059561,0.219969,0.169642,0.294982,0.069465,0.056742
19:53:47.351,0.000000,4.000000,0.514451,-0.384408,0.046524,0.010251,0.055448,0.197184,0.130043,1.089867,0.043981,0.056776
19:53:47.624,0.000000,4.000000,0.652673,-0.636190,0.042666,0.017362,0.044095,0.241543,0.016484,1.562747,0.030680,0.060028
19:53:47.819,0.000000,4.000000,0.916232,-0.779845,0.040892,0.021393,0.049067,0.226880,0.136387,2.056492,0.023643,0.062284
19:53:48.069,0.000000,4.000000,0.963843,-0.829804,0.040525,0.024101,0.048217,0.224426,0.134039,2.174796,0.019913,0.064626
19:53:48.319,0.000000,4.000000,0.920676,-0.758129,0.043241,0.022098,0.052087,0.248400,0.162547,2.035552,0.025635,0.065339
19:53:48.589,0.000000,4.000000,0.719242,-0.604814,0.042278,0.018565,0.051267,0.222273,0.114427,1.605418,0.028752,0.060843
19:53:48.865,0.000000,4.000000,0.390657,-0.297223,0.056269,0.010122,0.054158,0.220188,0.093435,0.834054,0.055954,0.066391
19:53:49.069,0.000000,4.000000,0.240289,-0.038222,0.050511,0.001560,0.063533,0.187382,0.202067,0.337695,0.059353,0.052072
19:53:49.319,0.000000,4.000000,0.155824,0.069990,0.056484,-0.000786,0.063643,0.209496,0.225814,0.104073,0.069440,0.055697
19:53:49.569,0.000000,4.000000,0.239128,-0.057313,0.048043,-0.000287,0.059527,0.193727,0.181815,0.359435,0.058600,0.047756
19:53:49.843,0.000000,4.000000,0.631971,-0.534785,0.046027,0.014500,0.049851,0.228891,0.097186,1.414692,0.038226,0.060527
19:53:50.120,0.000000,4.000000,0.861423,-0.867402,0.048320,0.024491,0.040247,0.233068,-0.005979,2.096199,0.028893,0.072811
19:53:50.319,0.000000,4.000000,0.826781,-0.712394,0.041585,0.017930,0.049643,0.236612,0.114386,1.866249,0.028682,0.059515
19:53:50.569,0.000000,4.000000,0.789539,-0.681311,0.047968,0.017395,0.049933,0.236549,0.108228,1.783406,0.037071,0.065363
19:53:50.822,0.000000,4.000000,0.826225,-0.776082,0.040440,0.020228,0.044863,0.222632,0.050143,1.942797,0.024507,0.060668
19:53:51.069,0.000000,4.000000,0.962059,-0.998192,0.048299,0.025013,0.038235,0.240898,-0.036133,2.376804,0.028235,0.073312
19:53:51.323,0.000000,4.000000,0.356327,-0.170802,0.049166,0.008834,0.061200,0.199733,0.185525,0.639144,0.048903,0.058000
19:53:51.603,0.000000,4.000000,0.296699,-0.093092,0.054194,-0.002782,0.064117,0.217444,0.203607,0.472621,0.069083,0.051412
19:53:51.819,0.000000,4.000000,-0.119293,0.314983,0.060002,-0.011956,0.066191,0.185034,0.195690,-0.526559,0.087249,0.048046
19:53:52.069,0.000000,4.000000,0.017748,0.084694,0.050503,-0.002264,0.055207,0.190854,0.102442,-0.081172,0.063981,0.048239
19:53:52.319,0.000000,4.000000,0.236725,-0.306509,0.060507,0.008055,0.041442,0.203204,-0.069784,0.658671,0.063598,0.068562
19:53:52.601,0.000000,4.000000,0.813358,-0.684332,0.044984,0.018896,0.050921,0.225729,0.129026,1.815950,0.031631,0.063880
19:53:52.818,0.000000,4.000000,0.990364,-0.849252,0.036794,0.022951,0.051100,0.238866,0.141112,2.230535,0.016784,0.059745
19:53:53.068,0.000000,4.000000,1.044876,-0.891375,0.048058,0.023920,0.052389,0.250354,0.153501,2.347705,0.029267,0.071977
19:53:53.318,0.000000,4.000000,0.819295,-0.662856,0.040317,0.018843,0.054303,0.229735,0.156439,1.797107,0.026037,0.059160
19:53:53.595,0.000000,4.000000,0.552508,-0.492771,0.047898,0.015166,0.049744,0.234044,0.059737,1.267401,0.039688,0.063064
19:53:53.873,0.000000,4.000000,0.634025,-0.346975,0.051103,0.010539,0.067635,0.214331,0.287051,1.189463,0.049184,0.061642
19:53:54.068,0.000000,4.000000,-0.027946,0.140487,0.054918,-0.006734,0.059283,0.211569,0.112541,-0.204225,0.074753,0.048184
19:53:54.318,0.000000,4.000000,0.195180,0.016996,0.052325,-0.002579,0.064971,0.193265,0.212176,0.216049,0.066571,0.049746
19:53:54.569,0.000000,4.000000,0.535638,-0.318981,0.054010,0.009605,0.061525,0.230869,0.216657,1.036226,0.053841,0.063614
19:53:54.874,0.000000,4.000000,0.801110,-0.739751,0.034457,0.021178,0.048129,0.224175,0.061360,1.868294,0.016101,0.055635
19:53:55.068,0.000000,4.000000,0.713405,-0.590170,0.043395,0.015404,0.053999,0.231007,0.123235,1.580584,0.033940,0.058799
19:53:55.318,0.000000,4.000000,0.733673,-0.614235,0.042538,0.016579,0.050978,0.228405,0.119438,1.634338,0.031475,0.059117
19:53:55.568,0.000000,4.000000,0.790866,-0.617400,0.042062,0.017573,0.055868,0.234731,0.173466,1.707523,0.029693,0.059635
19:53:55.841,0.000000,4.000000,0.806376,-0.622845,0.047614,0.018633,0.058515,0.220395,0.183531,1.732931,0.035139,0.066247
19:53:56.120,0.000000,4.000000,0.657335,-0.473193,0.043720,0.015109,0.057608,0.236316,0.184142,1.370765,0.034691,0.058828
19:53:56.318,0.000001,4.000000,0.744630,-0.530464,0.038658,0.014744,0.059095,0.229326,0.214166,1.546052,0.028995,0.053402
19:53:56.568,0.000002,4.000000,0.463141,-0.245090,0.056134,0.006805,0.061796,0.227368,0.218050,0.858730,0.059811,0.062940
19:53:56.818,0.000001,4.000000,0.438834,-0.166036,0.049510,0.006695,0.067129,0.201008,0.272799,0.733405,0.051913,0.056204
19:53:57.095,0.000001,4.000000,0.707760,-0.457826,0.049388,0.013825,0.062470,0.241091,0.249934,1.413274,0.043120,0.063213
19:53:57.374,0.000000,4.000000,0.782473,-0.570489,0.039092,0.015638,0.059076,0.216813,0.211985,1.640467,0.028437,0.054730
